 v-sweep                v(out)                 v(xdut.e)              v(xdut.x)              i(VDD)                 margin1                margin2                @m.xdut.m1[gm]         @m.xdut.m2[gm]        
 9.000000000000000e-01  1.797710515209543e+00  2.289484683090630e-03  1.582386055526770e-01 -4.578969580913694e-05 -1.412145497037699e-01  1.383611177613226e+00  2.089049662914486e-04  3.579267020436448e-04 
 9.020000000000000e-01  1.797699833037833e+00  2.300166854686236e-03  1.593897213539896e-01 -4.600333924334454e-05 -1.400608845504170e-01  1.381848922808531e+00  2.104398244577162e-04  3.587547701933046e-04 
 9.040000000000000e-01  1.797689203731415e+00  2.310796160987591e-03  1.605445030454399e-01 -4.621592537169816e-05 -1.389035661427295e-01  1.380087344902726e+00  2.119797920857122e-04  3.595767445560488e-04 
 9.060000000000000e-01  1.797678628029513e+00  2.321371862774339e-03  1.617029610081726e-01 -4.642743940975330e-05 -1.377425842756911e-01  1.378326445615992e+00  2.135248851655382e-04  3.603926094809766e-04 
 9.080000000000000e-01  1.797668106674662e+00  2.331893217509514e-03  1.628651058097673e-01 -4.663786650677126e-05 -1.365779285586383e-01  1.376566226706180e+00  2.150751199501515e-04  3.612023490114187e-04 
 9.100000000000000e-01  1.797657640413062e+00  2.342359478991309e-03  1.640309483087838e-01 -4.684719173875945e-05 -1.354095883107978e-01  1.374806689991520e+00  2.166305130967009e-04  3.620059467064198e-04 
 9.120000000000000e-01  1.797647229994614e+00  2.352769897323510e-03  1.652004996305214e-01 -4.705540010772891e-05 -1.342375525855353e-01  1.373047837345234e+00  2.181910816341008e-04  3.628033856825596e-04 
 9.140000000000000e-01  1.797636876173003e+00  2.363123718816301e-03  1.663737711704514e-01 -4.726247653995264e-05 -1.330618101669455e-01  1.371289670696170e+00  2.197568429679470e-04  3.635946486084337e-04 
 9.160000000000000e-01  1.797626579705816e+00  2.373420185885340e-03  1.675507745977630e-01 -4.746840588368273e-05 -1.318823495663313e-01  1.369532192029486e+00  2.213278148855905e-04  3.643797176989483e-04 
 9.180000000000000e-01  1.797616341354634e+00  2.383658536949067e-03  1.687315218590204e-01 -4.767317290732542e-05 -1.306991590185709e-01  1.367775403387324e+00  2.229040155613679e-04  3.651585747094326e-04 
 9.200000000000000e-01  1.797606161885140e+00  2.393838006324175e-03  1.699160251819328e-01 -4.787676229719290e-05 -1.295122264783724e-01  1.366019306869530e+00  2.244854635619889e-04  3.659312009295654e-04 
 9.220000000000000e-01  1.797596042067226e+00  2.403957824119183e-03  1.711042970792438e-01 -4.807915865547713e-05 -1.283215396164106e-01  1.364263904634388e+00  2.260721778520913e-04  3.666975771771052e-04 
 9.240000000000000e-01  1.797585982675100e+00  2.414017216126051e-03  1.722963503527394e-01 -4.828034649800167e-05 -1.271270858153442e-01  1.362509198899378e+00  2.276641777999620e-04  3.674576837914263e-04 
 9.260000000000000e-01  1.797575984487396e+00  2.424015403709752e-03  1.734921980973808e-01 -4.848031025207755e-05 -1.259288521657098e-01  1.360755191941957e+00  2.292614831834328e-04  3.682115006268500e-04 
 9.280000000000000e-01  1.797566048287290e+00  2.433951603695749e-03  1.746918537055646e-01 -4.867903425419956e-05 -1.247268254616885e-01  1.359001886100374e+00  2.308641141959534e-04  3.689590070457662e-04 
 9.300000000000000e-01  1.797556174862610e+00  2.443825028255308e-03  1.758953308715134e-01 -4.887650274779803e-05 -1.235209921967426e-01  1.357249283774497e+00  2.324720914528493e-04  3.697001819115409e-04 
 9.320000000000001e-01  1.797546365005956e+00  2.453634884788549e-03  1.771026435958000e-01 -4.907269988087271e-05 -1.223113385591198e-01  1.355497387426677e+00  2.340854359977648e-04  3.704350035812055e-04 
 9.340000000000001e-01  1.797536619514818e+00  2.463380375805173e-03  1.783138061900125e-01 -4.926760970363347e-05 -1.210978504272158e-01  1.353746199582636e+00  2.357041693093046e-04  3.711634498979144e-04 
 9.360000000000001e-01  1.797526939191699e+00  2.473060698802804e-03  1.795288332815583e-01 -4.946121616602323e-05 -1.198805133648000e-01  1.351995722832383e+00  2.373283133078691e-04  3.718854981831733e-04 
 9.380000000000001e-01  1.797517324844237e+00  2.482675046142816e-03  1.807477398186171e-01 -4.965350311526839e-05 -1.186593126160920e-01  1.350245959831155e+00  2.389578903626992e-04  3.726011252288272e-04 
 9.400000000000001e-01  1.797507777285334e+00  2.492222604923612e-03  1.819705410752437e-01 -4.984445429333240e-05 -1.174342331006893e-01  1.348496913300397e+00  2.405929232991308e-04  3.733103072887973e-04 
 9.420000000000001e-01  1.797498297333283e+00  2.501702556851223e-03  1.831972526566254e-01 -5.003405333434824e-05 -1.162052594083403e-01  1.346748586028764e+00  2.422334354060668e-04  3.740130200705689e-04 
 9.440000000000001e-01  1.797488885811904e+00  2.511114078107170e-03  1.844278905045010e-01 -5.022228376192622e-05 -1.149723757935573e-01  1.345000980873156e+00  2.438794504436733e-04  3.747092387264130e-04 
 9.460000000000001e-01  1.797479543550674e+00  2.520456339213478e-03  1.856624709027432e-01 -5.040912898652411e-05 -1.137355661700666e-01  1.343254100759788e+00  2.455309926513084e-04  3.753989378443387e-04 
 9.480000000000001e-01  1.797470271384869e+00  2.529728504894733e-03  1.869010104831106e-01 -5.059457230262993e-05 -1.124948141050885e-01  1.341507948685293e+00  2.471880867556861e-04  3.760820914387696e-04 
 9.500000000000001e-01  1.797461070155702e+00  2.538929733937108e-03  1.881435262311764e-01 -5.077859688595865e-05 -1.112501028134433e-01  1.339762527717856e+00  2.488507579792887e-04  3.767586729409295e-04 
 9.520000000000001e-01  1.797451940710470e+00  2.548059179044221e-03  1.893900354924363e-01 -5.096118579060033e-05 -1.100014151514777e-01  1.338017840998388e+00  2.505190320490306e-04  3.774286551889361e-04 
 9.540000000000001e-01  1.797442883902699e+00  2.557115986689747e-03  1.906405559786027e-01 -5.114232194601553e-05 -1.087487336108049e-01  1.336273891741732e+00  2.521929352051851e-04  3.780920104175855e-04 
 9.560000000000001e-01  1.797433900592297e+00  2.566099296966657e-03  1.918951057740928e-01 -5.132198815406552e-05 -1.074920403118540e-01  1.334530683237913e+00  2.538724942105795e-04  3.787487102478250e-04 
 9.580000000000001e-01  1.797424991645705e+00  2.575008243432930e-03  1.931537033427121e-01 -5.150016708591054e-05 -1.062313169972220e-01  1.332788218853417e+00  2.555577363600687e-04  3.793987256759003e-04 
 9.600000000000001e-01  1.797416157936057e+00  2.583841952953702e-03  1.944163675345464e-01 -5.167684127885958e-05 -1.049665450248205e-01  1.331046502032522e+00  2.572486894902975e-04  3.800420270621644e-04 
 9.620000000000001e-01  1.797407400343344e+00  2.592599545539636e-03  1.956831175930629e-01 -5.185199313311600e-05 -1.036977053608127e-01  1.329305536298663e+00  2.589453819897588e-04  3.806785841195431e-04 
 9.640000000000001e-01  1.797398719754576e+00  2.601280134181426e-03  1.969539731624303e-01 -5.202560490848857e-05 -1.024247785723328e-01  1.327565325255838e+00  2.606478428091585e-04  3.813083659016423e-04 
 9.660000000000001e-01  1.797390117063949e+00  2.609882824680290e-03  1.982289542950660e-01 -5.219765872101906e-05 -1.011477448199797e-01  1.325825872590066e+00  2.623561014720985e-04  3.819313407904821e-04 
 9.680000000000001e-01  1.797381593173027e+00  2.618406715474328e-03  1.995080814594153e-01 -5.236813653946432e-05 -9.986658385007940e-02  1.324087182070884e+00  2.640701880860856e-04  3.825474764838529e-04 
 9.700000000000001e-01  1.797373148990912e+00  2.626850897460545e-03  2.007913755479739e-01 -5.253702018176432e-05 -9.858127498670408e-02  1.322349257552898e+00  2.657901333538831e-04  3.831567399822717e-04 
 9.720000000000001e-01  1.797364785434431e+00  2.635214453812441e-03  2.020788578855578e-01 -5.270429131138538e-05 -9.729179712344674e-02  1.320612102977371e+00  2.675159685852071e-04  3.837590975755341e-04 
 9.740000000000001e-01  1.797356503428322e+00  2.643496459792975e-03  2.033705502378342e-01 -5.286993143356622e-05 -9.599812871493493e-02  1.318875722373879e+00  2.692477257087916e-04  3.843545148288391e-04 
 9.760000000000001e-01  1.797348303905422e+00  2.651695982562759e-03  2.046664748201174e-01 -5.303392189155709e-05 -9.470024776808006e-02  1.317140119861998e+00  2.709854372848243e-04  3.849429565684784e-04 
 9.780000000000001e-01  1.797340187806872e+00  2.659812080983264e-03  2.059666543064440e-01 -5.319624386256744e-05 -9.339813183304985e-02  1.315405299653070e+00  2.727291365177753e-04  3.855243868670724e-04 
 9.800000000000001e-01  1.797332156082309e+00  2.667843805414935e-03  2.072711118389324e-01 -5.335687835381769e-05 -9.209175799395669e-02  1.313671266052001e+00  2.744788572696232e-04  3.860987690283352e-04 
 9.820000000000001e-01  1.797324209690083e+00  2.675790197509932e-03  2.085798710374403e-01 -5.351580619834817e-05 -9.078110285925001e-02  1.311938023459133e+00  2.762346340735021e-04  3.866660655713585e-04 
 9.840000000000001e-01  1.797316349597462e+00  2.683650289999382e-03  2.098929560095309e-01 -5.367300805076552e-05 -8.946614255180049e-02  1.310205576372174e+00  2.779965021477795e-04  3.872262382143829e-04 
 9.860000000000001e-01  1.797308576780855e+00  2.691423106474877e-03  2.112103913607553e-01 -5.382846438290595e-05 -8.814685269867026e-02  1.308473929388181e+00  2.797644974105805e-04  3.877792478580585e-04 
 9.880000000000001e-01  1.797300892226033e+00  2.699107661164047e-03  2.125322022052678e-01 -5.398215547933877e-05 -8.682320842055086e-02  1.306743087205616e+00  2.815386564947766e-04  3.883250545681567e-04 
 9.900000000000001e-01  1.797293296928365e+00  2.706702958699970e-03  2.138584141767834e-01 -5.413406143271043e-05 -8.549518432086139e-02  1.305013054626473e+00  2.833190167634576e-04  3.888636175577218e-04 
 9.920000000000001e-01  1.797285791893048e+00  2.714207993884175e-03  2.151890534398899e-01 -5.428416213905385e-05 -8.416275447449248e-02  1.303283836558462e+00  2.851056163258998e-04  3.893948951686451e-04 
 9.940000000000001e-01  1.797278378135355e+00  2.721621751443004e-03  2.165241467017285e-01 -5.443243729291031e-05 -8.282589241618427e-02  1.301555438017273e+00  2.868984940540520e-04  3.899188448526338e-04 
 9.960000000000001e-01  1.797271056680886e+00  2.728943205777089e-03  2.178637212240605e-01 -5.457886638227799e-05 -8.148457112851906e-02  1.299827864128918e+00  2.886976895995637e-04  3.904354231515477e-04 
 9.980000000000001e-01  1.797263828565826e+00  2.736171320703668e-03  2.192078048357278e-01 -5.472342868349106e-05 -8.013876302952319e-02  1.298101120132144e+00  2.905032434113655e-04  3.909445856770926e-04 
 1.000000000000000e+00  1.797256694837203e+00  2.743305049191475e-03  2.205564259455272e-01 -5.486610325595304e-05 -7.878843995985552e-02  1.296375211380925e+00  2.923151967538318e-04  3.914462870898376e-04 
 1.002000000000000e+00  1.797249656553171e+00  2.750343333087874e-03  2.219096135555153e-01 -5.500686893657181e-05 -7.743357316956775e-02  1.294650143347050e+00  2.941335917255471e-04  3.919404810775251e-04 
 1.004000000000000e+00  1.797242714783285e+00  2.757285102838015e-03  2.232673972747576e-01 -5.514570433429872e-05 -7.607413330442273e-02  1.292925921622782e+00  2.959584712786959e-04  3.924271203326549e-04 
 1.006000000000000e+00  1.797235870608791e+00  2.764129277195613e-03  2.246298073335396e-01 -5.528258782418888e-05 -7.471009039175200e-02  1.291202551923621e+00  2.977898792391016e-04  3.929061565293141e-04 
 1.008000000000000e+00  1.797229125122924e+00  2.770874762925053e-03  2.259968745980629e-01 -5.541749754152392e-05 -7.334141382583140e-02  1.289480040091155e+00  2.996278603269464e-04  3.933775402992118e-04 
 1.010000000000000e+00  1.797222479431218e+00  2.777520454494506e-03  2.273686305856401e-01 -5.555041137565025e-05 -7.196807235275907e-02  1.287758392096010e+00  3.014724601781917e-04  3.938412212068969e-04 
 1.012000000000000e+00  1.797215934651815e+00  2.784065233759631e-03  2.287451074804103e-01 -5.568130696370632e-05 -7.059003405481581e-02  1.286037614040895e+00  3.033237253667287e-04  3.942971477241258e-04 
 1.014000000000000e+00  1.797209491915799e+00  2.790507969637529e-03  2.301263381496004e-01 -5.581016168402370e-05 -6.920726633428151e-02  1.284317712163769e+00  3.051817034272950e-04  3.947452672033361e-04 
 1.016000000000000e+00  1.797203152367527e+00  2.796847517770541e-03  2.315123561603483e-01 -5.593695264945880e-05 -6.781973589669232e-02  1.282598692841104e+00  3.070464428791824e-04  3.951855258502013e-04 
 1.018000000000000e+00  1.797196917164979e+00  2.803082720179447e-03  2.329031957971157e-01 -5.606165670041935e-05 -6.642740873351080e-02  1.280880562591267e+00  3.089179932507691e-04  3.956178686952199e-04 
 1.020000000000000e+00  1.797190787480114e+00  2.809212404905692e-03  2.342988920797139e-01 -5.618425039773112e-05 -6.503025010418548e-02  1.279163328078024e+00  3.107964051049154e-04  3.960422395643027e-04 
 1.022000000000000e+00  1.797184764499236e+00  2.815235385642085e-03  2.356994807819692e-01 -5.630471001527582e-05 -6.362822451757380e-02  1.277446996114167e+00  3.126817300652556e-04  3.964585810483131e-04 
 1.024000000000000e+00  1.797178849423387e+00  2.821150461351589e-03  2.371049984510533e-01 -5.642301153226809e-05 -6.222129571270277e-02  1.275731573665275e+00  3.145740208434234e-04  3.968668344715188e-04 
 1.026000000000000e+00  1.797173043468723e+00  2.826956415873611e-03  2.385154824275085e-01 -5.653913062553945e-05 -6.080942663883762e-02  1.274017067853597e+00  3.164733312672548e-04  3.972669398589064e-04 
 1.028000000000000e+00  1.797167347866938e+00  2.832652017517343e-03  2.399309708659992e-01 -5.665304266123938e-05 -5.939257943482781e-02  1.272303485962099e+00  3.183797163100070e-04  3.976588359023103e-04 
 1.030000000000000e+00  1.797161763865672e+00  2.838236018641499e-03  2.413515027568179e-01 -5.676472268656418e-05 -5.797071540770138e-02  1.270590835438636e+00  3.202932321206400e-04  3.980424599253026e-04 
 1.032000000000000e+00  1.797156292728951e+00  2.843707155219961e-03  2.427771179481817e-01 -5.687414542099312e-05 -5.654379501047194e-02  1.268879123900298e+00  3.222139360552054e-04  3.984177478467931e-04 
 1.034000000000000e+00  1.797150935737635e+00  2.849064146392643e-03  2.442078571693544e-01 -5.698128524731644e-05 -5.511177781912413e-02  1.267168359137898e+00  3.241418867093959e-04  3.987846341432778e-04 
 1.036000000000000e+00  1.797145694189882e+00  2.854305694000955e-03  2.456437620546294e-01 -5.708611620235116e-05 -5.367462250874194e-02  1.265458549120645e+00  3.260771439523002e-04  3.991430518096773e-04 
 1.038000000000000e+00  1.797140569401632e+00  2.859430482107191e-03  2.470848751682128e-01 -5.718861196736535e-05 -5.223228682873948e-02  1.263749702000983e+00  3.280197689614258e-04  3.994929323187033e-04 
 1.040000000000000e+00  1.797135562707097e+00  2.864437176497087e-03  2.485312400300510e-01 -5.728874585805843e-05 -5.078472757715360e-02  1.262041826119615e+00  3.299698242590435e-04  3.998342055786801e-04 
 1.042000000000000e+00  1.797130675459285e+00  2.869324424164841e-03  2.499829011426393e-01 -5.738649081431235e-05 -4.933190057395723e-02  1.260334930010726e+00  3.319273737499099e-04  4.001667998897595e-04 
 1.044000000000000e+00  1.797125909030524e+00  2.874090852779751e-03  2.514399040188644e-01 -5.748181938953351e-05 -4.787376063334484e-02  1.258629022407393e+00  3.338924827604429e-04  4.004906418984459e-04 
 1.046000000000000e+00  1.797121264813024e+00  2.878735070133644e-03  2.529022952109253e-01 -5.757470373952966e-05 -4.641026153494343e-02  1.256924112247228e+00  3.358652180794080e-04  4.008056565503545e-04 
 1.048000000000000e+00  1.797116744219442e+00  2.883255663568219e-03  2.543701223403837e-01 -5.766511561116489e-05 -4.494135599389898e-02  1.255220208678215e+00  3.378456480001909e-04  4.011117670411218e-04 
 1.050000000000000e+00  1.797112348683482e+00  2.887651199381355e-03  2.558434341293978e-01 -5.775302633036217e-05 -4.346699562978412e-02  1.253517321064801e+00  3.398338423647315e-04  4.014088947653822e-04 
 1.052000000000000e+00  1.797108079660504e+00  2.891920222211385e-03  2.573222804331982e-01 -5.783840678992569e-05 -4.198713093427026e-02  1.251815458994212e+00  3.418298726091995e-04  4.016969592637077e-04 
 1.054000000000000e+00  1.797103938628169e+00  2.896061254398326e-03  2.588067122738641e-01 -5.792122743662753e-05 -4.050171123750279e-02  1.250114632283040e+00  3.438338118114961e-04  4.019758781674225e-04 
 1.056000000000000e+00  1.797099927087097e+00  2.900072795320894e-03  2.602967818754645e-01 -5.800145825806541e-05 -3.901068467311952e-02  1.248414850984078e+00  3.458457347406697e-04  4.022455671411839e-04 
 1.058000000000000e+00  1.797096046561559e+00  2.903953320708204e-03  2.617925427006301e-01 -5.807906876881958e-05 -3.751399814184186e-02  1.246716125393449e+00  3.478657179083409e-04  4.025059398232200e-04 
 1.060000000000000e+00  1.797092298600192e+00  2.907701281924880e-03  2.632940494886324e-01 -5.815402799615177e-05 -3.601159727356801e-02  1.245018466058023e+00  3.498938396222405e-04  4.027569077631028e-04 
 1.062000000000000e+00  1.797088684776738e+00  2.911315105228264e-03  2.648013582950384e-01 -5.822630446523230e-05 -3.450342638789455e-02  1.243321883783139e+00  3.519301800419586e-04  4.029983803569425e-04 
 1.064000000000000e+00  1.797085206690819e+00  2.914793190996356e-03  2.663145265330278e-01 -5.829586618363164e-05 -3.298942845298397e-02  1.241626389640657e+00  3.539748212370282e-04  4.032302647798587e-04 
 1.066000000000000e+00  1.797081865968738e+00  2.918133912925000e-03  2.678336130164530e-01 -5.836268062523603e-05 -3.146954504269683e-02  1.239931994977349e+00  3.560278472474502e-04  4.034524659156031e-04 
 1.068000000000000e+00  1.797078664264318e+00  2.921335617192764e-03  2.693586780047376e-01 -5.842671471364275e-05 -2.994371629189252e-02  1.238238711423646e+00  3.580893441468014e-04  4.036648862831704e-04 
 1.070000000000000e+00  1.797075603259766e+00  2.924396621591845e-03  2.708897832497028e-01 -5.848793480468795e-05 -2.841188084981044e-02  1.236546550902762e+00  3.601594001080449e-04  4.038674259602542e-04 
 1.072000000000000e+00  1.797072684666581e+00  2.927315214623283e-03  2.724269920444311e-01 -5.854630666839167e-05 -2.687397583142265e-02  1.234855525640219e+00  3.622381054721987e-04  4.040599825033705e-04 
 1.074000000000000e+00  1.797069910226495e+00  2.930089654554556e-03  2.739703692742693e-01 -5.860179547010486e-05 -2.532993676665574e-02  1.233165648173788e+00  3.643255528200064e-04  4.042424508644775e-04 
 1.076000000000000e+00  1.797067281712457e+00  2.932718168437655e-03  2.755199814700919e-01 -5.865436575086536e-05 -2.377969754736220e-02  1.231476931363865e+00  3.664218370467772e-04  4.044147233038960e-04 
 1.078000000000000e+00  1.797064800929654e+00  2.935198951085446e-03  2.770758968639433e-01 -5.870398140692817e-05 -2.222319037192283e-02  1.229789388404323e+00  3.685270554405632e-04  4.045766892993387e-04 
 1.080000000000000e+00  1.797062469716578e+00  2.937530164004154e-03  2.786381854471936e-01 -5.875060566843532e-05 -2.066034568734565e-02  1.228103032833845e+00  3.706413077638625e-04  4.047282354508209e-04 
 1.082000000000000e+00  1.797060289946146e+00  2.939709934279521e-03  2.802069190313450e-01 -5.879420107707950e-05 -1.909109212872601e-02  1.226417878547780e+00  3.727646963390398e-04  4.048692453812371e-04 
 1.084000000000000e+00  1.797058263526854e+00  2.941736353414149e-03  2.817821713116386e-01 -5.883472946292129e-05 -1.751535645591745e-02  1.224733939810539e+00  3.748973261376737e-04  4.049995996323504e-04 
 1.086000000000000e+00  1.797056392403997e+00  2.943607476113252e-03  2.833640179336223e-01 -5.887215192006828e-05 -1.593306348725337e-02  1.223051231268579e+00  3.770393048740585e-04  4.051191755559365e-04 
 1.088000000000000e+00  1.797054678560935e+00  2.945321319016001e-03  2.849525365628470e-01 -5.890642878130653e-05 -1.434413603015461e-02  1.221369767963988e+00  3.791907431030913e-04  4.052278471998067e-04 
 1.090000000000000e+00  1.797053124020422e+00  2.946875859369300e-03  2.865478069578742e-01 -5.893751959155230e-05 -1.274849480843870e-02  1.219689565348720e+00  3.813517543228042e-04  4.053254851884094e-04 
 1.092000000000000e+00  1.797051730845991e+00  2.948269033640765e-03  2.881499110467874e-01 -5.896538308019367e-05 -1.114605838613858e-02  1.218010639299516e+00  3.835224550818088e-04  4.054119565976967e-04 
 1.094000000000000e+00  1.797050501143403e+00  2.949498736067295e-03  2.897589330074206e-01 -5.898997713194021e-05 -9.536743087622812e-03  1.216333006133550e+00  3.857029650919533e-04  4.054871248239062e-04 
 1.096000000000000e+00  1.797049437062173e+00  2.950562817135571e-03  2.913749593515160e-01 -5.901125875654167e-05 -7.920462913799109e-03  1.214656682624836e+00  3.878934073464895e-04  4.055508494459089e-04 
 1.098000000000000e+00  1.797048540797156e+00  2.951459081990330e-03  2.929980790130610e-01 -5.902918405688296e-05 -6.297129454158445e-03  1.212981686021459e+00  3.900939082440985e-04  4.056029860807169e-04 
 1.100000000000000e+00  1.797047814590217e+00  2.952185288766178e-03  2.946283834410526e-01 -5.904370819565657e-05 -4.666651794409116e-03  1.211308034063666e+00  3.923045977191249e-04  4.056433862317415e-04 
 1.102000000000000e+00  1.797047260731981e+00  2.952739146838241e-03  2.962659666969673e-01 -5.905478536037678e-05 -3.028936419424810e-03  1.209635745002872e+00  3.945256093784071e-04  4.056718971293486e-04 
 1.104000000000000e+00  1.797046881563669e+00  2.953118314986720e-03  2.979109255572275e-01 -5.906236872663118e-05 -1.383887111216009e-03  1.207964837621654e+00  3.967570806451138e-04  4.056883615632323e-04 
 1.106000000000000e+00  1.797046677121580e+00  2.953322756909425e-03  2.995632631072158e-01 -5.906645756839635e-05  2.684992069738046e-04  1.206295309590354e+00  3.986378342116775e-04  4.056927801680098e-04 
 1.108000000000000e+00  1.797046535285081e+00  2.953464593243792e-03  3.012183906359437e-01 -5.906929429838614e-05  1.923660569770447e-03  1.204626128620034e+00  3.986572155224267e-04  4.056928815596663e-04 
 1.110000000000000e+00  1.797046393429573e+00  2.953606448585673e-03  3.028737438910811e-01 -5.907213140854406e-05  3.579047663507529e-03  1.202956719266211e+00  3.986765994537056e-04  4.056929821546175e-04 
 1.112000000000000e+00  1.797046251555092e+00  2.953748322901999e-03  3.045293224704273e-01 -5.907496889816927e-05  5.234660085975951e-03  1.201287082013839e+00  3.986959860007931e-04  4.056930818414184e-04 
 1.114000000000000e+00  1.797046109661673e+00  2.953890216154395e-03  3.061851259237913e-01 -5.907780676653318e-05  6.890497386976058e-03  1.199617217336319e+00  3.987153751584073e-04  4.056931805921495e-04 
 1.116000000000000e+00  1.797045967749359e+00  2.954032128302875e-03  3.078411537862427e-01 -5.908064501282395e-05  8.546559101567541e-03  1.197947125702176e+00  3.987347669210955e-04  4.056932784063996e-04 
 1.118000000000000e+00  1.797045825818189e+00  2.954174059307606e-03  3.094974055944430e-01 -5.908348363622279e-05  1.020284476640254e-02  1.196276807578327e+00  3.987541612834224e-04  4.056933752837613e-04 
 1.120000000000000e+00  1.797045683868202e+00  2.954316009128885e-03  3.111538808866416e-01 -5.908632263595948e-05  1.185935391972087e-02  1.194606263430089e+00  3.987735582399719e-04  4.056934712238258e-04 
 1.122000000000000e+00  1.797045541899438e+00  2.954457977727138e-03  3.128105792026661e-01 -5.908916201123604e-05  1.351608610134086e-02  1.192935493721190e+00  3.987929577853467e-04  4.056935662261860e-04 
 1.124000000000000e+00  1.797045399911937e+00  2.954599965062938e-03  3.144675000839147e-01 -5.909200176126839e-05  1.517304085265148e-02  1.191264498913771e+00  3.988123599141670e-04  4.056936602904365e-04 
 1.126000000000000e+00  1.797045257905737e+00  2.954741971096984e-03  3.161246430733496e-01 -5.909484188526548e-05  1.683021771660503e-02  1.189593279468399e+00  3.988317646210725e-04  4.056937534161726e-04 
 1.128000000000000e+00  1.797045115880878e+00  2.954883995790112e-03  3.177820077154886e-01 -5.909768238243629e-05  1.848761623771028e-02  1.187921835844073e+00  3.988511719007204e-04  4.056938456029905e-04 
 1.130000000000000e+00  1.797044973837399e+00  2.955026039103291e-03  3.194395935563989e-01 -5.910052325201059e-05  2.014523596202517e-02  1.186250168498229e+00  3.988705817477861e-04  4.056939368504875e-04 
 1.132000000000000e+00  1.797044831775339e+00  2.955168100997621e-03  3.210974001436883e-01 -5.910336449323206e-05  2.180307643714807e-02  1.184578277886748e+00  3.988899941569633e-04  4.056940271582626e-04 
 1.134000000000000e+00  1.797044689694736e+00  2.955310181434332e-03  3.227554270264991e-01 -5.910620610527495e-05  2.346113721221216e-02  1.182906164463968e+00  3.989094091229636e-04  4.056941165259150e-04 
 1.136000000000000e+00  1.797044547595630e+00  2.955452280374791e-03  3.244136737555002e-01 -5.910904808740375e-05  2.511941783787697e-02  1.181233828682685e+00  3.989288266405166e-04  4.056942049530456e-04 
 1.138000000000000e+00  1.797044405478058e+00  2.955594397780494e-03  3.260721398828799e-01 -5.911189043883436e-05  2.677791786632178e-02  1.179561270994165e+00  3.989482467043693e-04  4.056942924392560e-04 
 1.140000000000000e+00  1.797044263342060e+00  2.955736533613058e-03  3.277308249623391e-01 -5.911473315880350e-05  2.843663685123815e-02  1.177888491848148e+00  3.989676693092870e-04  4.056943789841485e-04 
 1.142000000000000e+00  1.797044121187673e+00  2.955878687834241e-03  3.293897285490832e-01 -5.911757624653402e-05  3.009557434782251e-02  1.176215491692857e+00  3.989870944500523e-04  4.056944645873278e-04 
 1.144000000000000e+00  1.797043979014935e+00  2.956020860405927e-03  3.310488501998163e-01 -5.912041970130427e-05  3.175472991276995e-02  1.174542270975006e+00  3.990065221214653e-04  4.056945492483982e-04 
 1.146000000000000e+00  1.797043836823885e+00  2.956163051290121e-03  3.327081894727334e-01 -5.912326352230241e-05  3.341410310426618e-02  1.172868830139804e+00  3.990259523183440e-04  4.056946329669655e-04 
 1.148000000000000e+00  1.797043694614560e+00  2.956305260448966e-03  3.343677459275133e-01 -5.912610770879984e-05  3.507369348198103e-02  1.171195169630966e+00  3.990453850355234e-04  4.056947157426371e-04 
 1.150000000000000e+00  1.797043552386999e+00  2.956447487844723e-03  3.360275191253118e-01 -5.912895226002635e-05  3.673350060706138e-02  1.169521289890716e+00  3.990648202678561e-04  4.056947975750206e-04 
 1.152000000000000e+00  1.797043410141238e+00  2.956589733439784e-03  3.376875086287549e-01 -5.913179717524641e-05  3.839352404212426e-02  1.167847191359797e+00  3.990842580102114e-04  4.056948784637254e-04 
 1.154000000000000e+00  1.797043267877315e+00  2.956731997196671e-03  3.393477140019322e-01 -5.913464245371064e-05  4.005376335125016e-02  1.166172874477477e+00  3.991036982574766e-04  4.056949584083608e-04 
 1.156000000000000e+00  1.797043125595267e+00  2.956874279078016e-03  3.410081348103889e-01 -5.913748809465574e-05  4.171421809997539e-02  1.164498339681555e+00  3.991231410045554e-04  4.056950374085386e-04 
 1.158000000000000e+00  1.797042983295133e+00  2.957016579046593e-03  3.426687706211202e-01 -5.914033409734620e-05  4.337488785528659e-02  1.162823587408370e+00  3.991425862463687e-04  4.056951154638703e-04 
 1.160000000000000e+00  1.797042840976948e+00  2.957158897065293e-03  3.443296210025644e-01 -5.914318046103956e-05  4.503577218561283e-02  1.161148618092805e+00  3.991620339778543e-04  4.056951925739688e-04 
 1.162000000000000e+00  1.797042698640750e+00  2.957301233097122e-03  3.459906855245946e-01 -5.914602718499334e-05  4.669687066081851e-02  1.159473432168297e+00  3.991814841939670e-04  4.056952687384494e-04 
 1.164000000000000e+00  1.797042556286576e+00  2.957443587105225e-03  3.476519637585151e-01 -5.914887426848592e-05  4.835818285219928e-02  1.157798030066840e+00  3.992009368896782e-04  4.056953439569254e-04 
 1.166000000000000e+00  1.797042413914462e+00  2.957585959052854e-03  3.493134552770513e-01 -5.915172171076788e-05  5.001970833247149e-02  1.156122412218995e+00  3.992203920599761e-04  4.056954182290144e-04 
 1.168000000000000e+00  1.797042271524445e+00  2.957728348903398e-03  3.509751596543459e-01 -5.915456951109677e-05  5.168144667576940e-02  1.154446579053896e+00  3.992398496998651e-04  4.056954915543326e-04 
 1.170000000000000e+00  1.797042129116562e+00  2.957870756620348e-03  3.526370764659506e-01 -5.915741766877175e-05  5.334339745763578e-02  1.152770530999254e+00  3.992593098043668e-04  4.056955639324984e-04 
 1.172000000000000e+00  1.797041986690849e+00  2.958013182167336e-03  3.542992052888200e-01 -5.916026618302261e-05  5.500556025501679e-02  1.151094268481369e+00  3.992787723685186e-04  4.056956353631307e-04 
 1.174000000000000e+00  1.797041844247342e+00  2.958155625508096e-03  3.559615457013058e-01 -5.916311505316241e-05  5.666793464625497e-02  1.149417791925128e+00  3.992982373873751e-04  4.056957058458494e-04 
 1.176000000000000e+00  1.797041701786078e+00  2.958298086606493e-03  3.576240972831493e-01 -5.916596427844867e-05  5.833052021108376e-02  1.147741101754020e+00  3.993177048560059e-04  4.056957753802757e-04 
 1.178000000000000e+00  1.797041559307091e+00  2.958440565426513e-03  3.592868596154753e-01 -5.916881385817363e-05  5.999331653061868e-02  1.146064198390140e+00  3.993371747694983e-04  4.056958439660322e-04 
 1.180000000000000e+00  1.797041416810419e+00  2.958583061932248e-03  3.609498322807873e-01 -5.917166379162259e-05  6.165632318735492e-02  1.144387082254192e+00  3.993566471229546e-04  4.056959116027405e-04 
 1.182000000000000e+00  1.797041274296097e+00  2.958725576087915e-03  3.626130148629580e-01 -5.917451407806001e-05  6.331953976515697e-02  1.142709753765498e+00  3.993761219114937e-04  4.056959782900253e-04 
 1.184000000000000e+00  1.797041131764160e+00  2.958868107857848e-03  3.642764069472258e-01 -5.917736471679896e-05  6.498296584925423e-02  1.141032213342007e+00  3.993955991302505e-04  4.056960440275117e-04 
 1.186000000000000e+00  1.797040989214646e+00  2.959010657206502e-03  3.659400081201873e-01 -5.918021570708309e-05  6.664660102623499e-02  1.139354461400296e+00  3.994150787743759e-04  4.056961088148253e-04 
 1.188000000000000e+00  1.797040846647587e+00  2.959153224098440e-03  3.676038179697917e-01 -5.918306704826015e-05  6.831044488404003e-02  1.137676498355578e+00  3.994345608390362e-04  4.056961726515924e-04 
 1.190000000000000e+00  1.797040704063021e+00  2.959295808498347e-03  3.692678360853335e-01 -5.918591873958767e-05  6.997449701195541e-02  1.135998324621713e+00  3.994540453194142e-04  4.056962355374413e-04 
 1.192000000000000e+00  1.797040561460982e+00  2.959438410371015e-03  3.709320620574475e-01 -5.918877078036483e-05  7.163875700060762e-02  1.134319940611208e+00  3.994735322107073e-04  4.056962974720005e-04 
 1.194000000000000e+00  1.797040418841505e+00  2.959581029681368e-03  3.725964954781020e-01 -5.919162316990467e-05  7.330322444195642e-02  1.132641346735222e+00  3.994930215081299e-04  4.056963584548998e-04 
 1.196000000000000e+00  1.797040276204626e+00  2.959723666394415e-03  3.742611359405937e-01 -5.919447590748556e-05  7.496789892929018e-02  1.130962543403582e+00  3.995125132069112e-04  4.056964184857694e-04 
 1.198000000000000e+00  1.797040133550378e+00  2.959866320475311e-03  3.759259830395397e-01 -5.919732899243441e-05  7.663278005721785e-02  1.129283531024777e+00  3.995320073022958e-04  4.056964775642416e-04 
 1.200000000000000e+00  1.797039990878798e+00  2.960008991889305e-03  3.775910363708738e-01 -5.920018242405040e-05  7.829786742166472e-02  1.127604310005974e+00  3.995515037895441e-04  4.056965356899482e-04 
 1.202000000000000e+00  1.797039848189919e+00  2.960151680601755e-03  3.792562955318394e-01 -5.920303620162576e-05  7.996316061986608e-02  1.125924880753017e+00  3.995710026639315e-04  4.056965928625221e-04 
 1.204000000000000e+00  1.797039705483776e+00  2.960294386578146e-03  3.809217601209829e-01 -5.920589032448742e-05  8.162865925036022e-02  1.124245243670436e+00  3.995905039207488e-04  4.056966490815985e-04 
 1.206000000000000e+00  1.797039562760404e+00  2.960437109784067e-03  3.825874297381489e-01 -5.920874479192761e-05  8.329436291298320e-02  1.122565399161455e+00  3.996100075553025e-04  4.056967043468127e-04 
 1.208000000000000e+00  1.797039420019835e+00  2.960579850185214e-03  3.842533039844744e-01 -5.921159960329409e-05  8.496027120886401e-02  1.120885347627991e+00  3.996295135629136e-04  4.056967586577996e-04 
 1.210000000000000e+00  1.797039277262106e+00  2.960722607747399e-03  3.859193824623815e-01 -5.921445475787906e-05  8.662638374041665e-02  1.119205089470669e+00  3.996490219389184e-04  4.056968120141978e-04 
 1.212000000000000e+00  1.797039134487251e+00  2.960865382436548e-03  3.875856647755733e-01 -5.921731025498173e-05  8.829270011133605e-02  1.117524625088822e+00  3.996685326786680e-04  4.056968644156446e-04 
 1.214000000000000e+00  1.797038991695302e+00  2.961008174218681e-03  3.892521505290281e-01 -5.922016609396369e-05  8.995921992659217e-02  1.115843954880497e+00  3.996880457775294e-04  4.056969158617780e-04 
 1.216000000000000e+00  1.797038848886294e+00  2.961150983059947e-03  3.909188393289914e-01 -5.922302227412413e-05  9.162594279242287e-02  1.114163079242462e+00  3.997075612308830e-04  4.056969663522388e-04 
 1.218000000000000e+00  1.797038706060261e+00  2.961293808926586e-03  3.925857307829728e-01 -5.922587879478303e-05  9.329286831632955e-02  1.112481998570214e+00  3.997270790341251e-04  4.056970158866676e-04 
 1.220000000000000e+00  1.797038563217236e+00  2.961436651784957e-03  3.942528244997397e-01 -5.922873565528813e-05  9.495999610707129e-02  1.110800713257977e+00  3.997465991826663e-04  4.056970644647054e-04 
 1.222000000000000e+00  1.797038420357252e+00  2.961579511601519e-03  3.959201200893102e-01 -5.923159285495944e-05  9.662732577465838e-02  1.109119223698720e+00  3.997661216719322e-04  4.056971120859955e-04 
 1.224000000000000e+00  1.797038277480344e+00  2.961722388342850e-03  3.975876171629495e-01 -5.923445039311692e-05  9.829485693034817e-02  1.107437530284151e+00  3.997856464973625e-04  4.056971587501805e-04 
 1.226000000000000e+00  1.797038134586545e+00  2.961865281975624e-03  3.992553153331634e-01 -5.923730826910834e-05  9.996258918663847e-02  1.105755633404728e+00  3.998051736544119e-04  4.056972044569048e-04 
 1.228000000000000e+00  1.797037991675887e+00  2.962008192466620e-03  4.009232142136920e-01 -5.924016648226060e-05  1.016305221572613e-01  1.104073533449665e+00  3.998247031385494e-04  4.056972492058138e-04 
 1.230000000000000e+00  1.797037848748404e+00  2.962151119782729e-03  4.025913134195063e-01 -5.924302503192147e-05  1.032986554571799e-01  1.102391230806936e+00  3.998442349452586e-04  4.056972929965529e-04 
 1.232000000000000e+00  1.797037705804129e+00  2.962294063890948e-03  4.042596125667995e-01 -5.924588391742480e-05  1.049669887025796e-01  1.100708725863280e+00  3.998637690700370e-04  4.056973358287701e-04 
 1.234000000000000e+00  1.797037562843095e+00  2.962437024758373e-03  4.059281112729857e-01 -5.924874313810446e-05  1.066355215108665e-01  1.099026019004209e+00  3.998833055083969e-04  4.056973777021118e-04 
 1.236000000000000e+00  1.797037419865334e+00  2.962580002352205e-03  4.075968091566909e-01 -5.925160269331514e-05  1.083042535006589e-01  1.097343110614012e+00  3.999028442558646e-04  4.056974186162272e-04 
 1.238000000000000e+00  1.797037276870880e+00  2.962722996639753e-03  4.092657058377490e-01 -5.925446258241152e-05  1.099731842917829e-01  1.095660001075757e+00  3.999223853079804e-04  4.056974585707659e-04 
 1.240000000000000e+00  1.797037133859764e+00  2.962866007588429e-03  4.109348009371969e-01 -5.925732280472745e-05  1.116423135052675e-01  1.093976690771305e+00  3.999419286602993e-04  4.056974975653780e-04 
 1.242000000000000e+00  1.797036990832020e+00  2.963009035165736e-03  4.126040940772685e-01 -5.926018335960376e-05  1.133116407633392e-01  1.092293180081305e+00  3.999614743083893e-04  4.056975355997146e-04 
 1.244000000000000e+00  1.797036847787679e+00  2.963152079339301e-03  4.142735848813896e-01 -5.926304424641593e-05  1.149811656894155e-01  1.090609469385209e+00  3.999810222478337e-04  4.056975726734275e-04 
 1.246000000000000e+00  1.797036704726775e+00  2.963295140076836e-03  4.159432729741721e-01 -5.926590546451171e-05  1.166508879081011e-01  1.088925559061268e+00  4.000005724742284e-04  4.056976087861711e-04 
 1.248000000000000e+00  1.797036561649339e+00  2.963438217346161e-03  4.176131579814104e-01 -5.926876701323192e-05  1.183208070451824e-01  1.087241449486547e+00  4.000201249831842e-04  4.056976439375976e-04 
 1.250000000000000e+00  1.797036418555402e+00  2.963581311115192e-03  4.192832395300750e-01 -5.927162889195203e-05  1.199909227276226e-01  1.085557141036920e+00  4.000396797703248e-04  4.056976781273614e-04 
 1.252000000000000e+00  1.797036275444999e+00  2.963724421351953e-03  4.209535172483063e-01 -5.927449110002675e-05  1.216612345835541e-01  1.083872634087086e+00  4.000592368312885e-04  4.056977113551189e-04 
 1.254000000000000e+00  1.797036132318159e+00  2.963867548024566e-03  4.226239907654116e-01 -5.927735363682463e-05  1.233317422422769e-01  1.082187929010563e+00  4.000787961617266e-04  4.056977436205257e-04 
 1.256000000000000e+00  1.797035989174915e+00  2.964010691101250e-03  4.242946597118586e-01 -5.928021650169341e-05  1.250024453342509e-01  1.080503026179704e+00  4.000983577573044e-04  4.056977749232395e-04 
 1.258000000000000e+00  1.797035846015299e+00  2.964153850550321e-03  4.259655237192713e-01 -5.928307969402941e-05  1.266733434910925e-01  1.078817925965692e+00  4.001179216137007e-04  4.056978052629173e-04 
 1.260000000000000e+00  1.797035702839342e+00  2.964297026340204e-03  4.276365824204231e-01 -5.928594321316649e-05  1.283444363455677e-01  1.077132628738555e+00  4.001374877266075e-04  4.056978346392193e-04 
 1.262000000000000e+00  1.797035559647076e+00  2.964440218439410e-03  4.293078354492343e-01 -5.928880705849404e-05  1.300157235315896e-01  1.075447134867162e+00  4.001570560917303e-04  4.056978630518041e-04 
 1.264000000000000e+00  1.797035416438531e+00  2.964583426816559e-03  4.309792824407654e-01 -5.929167122937368e-05  1.316872046842106e-01  1.073761444719234e+00  4.001766267047885e-04  4.056978905003320e-04 
 1.266000000000000e+00  1.797035273213741e+00  2.964726651440355e-03  4.326509230312124e-01 -5.929453572518784e-05  1.333588794396194e-01  1.072075558661348e+00  4.001961995615146e-04  4.056979169844643e-04 
 1.268000000000000e+00  1.797035129972734e+00  2.964869892279620e-03  4.343227568579023e-01 -5.929740054531896e-05  1.350307474351358e-01  1.070389477058939e+00  4.002157746576534e-04  4.056979425038630e-04 
 1.270000000000000e+00  1.797034986715543e+00  2.965013149303249e-03  4.359947835592872e-01 -5.930026568913560e-05  1.367028083092043e-01  1.068703200276307e+00  4.002353519889645e-04  4.056979670581913e-04 
 1.272000000000000e+00  1.797034843442199e+00  2.965156422480255e-03  4.376670027749405e-01 -5.930313115602021e-05  1.383750617013912e-01  1.067016728676625e+00  4.002549315512192e-04  4.056979906471134e-04 
 1.274000000000000e+00  1.797034700152732e+00  2.965299711779730e-03  4.393394141455523e-01 -5.930599694535521e-05  1.400475072523787e-01  1.065330062621938e+00  4.002745133402030e-04  4.056980132702926e-04 
 1.276000000000000e+00  1.797034556847174e+00  2.965443017170871e-03  4.410120173129230e-01 -5.930886305652305e-05  1.417201446039602e-01  1.063643202473172e+00  4.002940973517139e-04  4.056980349273950e-04 
 1.278000000000000e+00  1.797034413525554e+00  2.965586338622966e-03  4.426848119199599e-01 -5.931172948892005e-05  1.433929733990357e-01  1.061956148590137e+00  4.003136835815626e-04  4.056980556180861e-04 
 1.280000000000000e+00  1.797034270187905e+00  2.965729676105397e-03  4.443577976106716e-01 -5.931459624190089e-05  1.450659932816064e-01  1.060268901331534e+00  4.003332720255732e-04  4.056980753420330e-04 
 1.282000000000000e+00  1.797034126834256e+00  2.965873029587643e-03  4.460309740301642e-01 -5.931746331488963e-05  1.467392038967710e-01  1.058581461054956e+00  4.003528626795829e-04  4.056980940989028e-04 
 1.284000000000000e+00  1.797033983464636e+00  2.966016399039280e-03  4.477043408246344e-01 -5.932033070728260e-05  1.484126048907192e-01  1.056893828116896e+00  4.003724555394407e-04  4.056981118883653e-04 
 1.286000000000000e+00  1.797033840079078e+00  2.966159784429969e-03  4.493778976413685e-01 -5.932319841843448e-05  1.500861959107299e-01  1.055206002872751e+00  4.003920506010092e-04  4.056981287100886e-04 
 1.288000000000000e+00  1.797033696677611e+00  2.966303185729471e-03  4.510516441287339e-01 -5.932606644778321e-05  1.517599766051633e-01  1.053517985676827e+00  4.004116478601636e-04  4.056981445637427e-04 
 1.290000000000000e+00  1.797033553260266e+00  2.966446602907637e-03  4.527255799361766e-01 -5.932893479469042e-05  1.534339466234583e-01  1.051829776882342e+00  4.004312473127913e-04  4.056981594489998e-04 
 1.292000000000000e+00  1.797033409827071e+00  2.966590035934409e-03  4.543997047142163e-01 -5.933180345857325e-05  1.551081056161271e-01  1.050141376841432e+00  4.004508489547930e-04  4.056981733655297e-04 
 1.294000000000000e+00  1.797033266378059e+00  2.966733484779821e-03  4.560740181144415e-01 -5.933467243882107e-05  1.567824532347516e-01  1.048452785905157e+00  4.004704527820811e-04  4.056981863130058e-04 
 1.296000000000000e+00  1.797033122913257e+00  2.966876949414006e-03  4.577485197895047e-01 -5.933754173486488e-05  1.584569891319768e-01  1.046764004423500e+00  4.004900587905812e-04  4.056981982911012e-04 
 1.298000000000000e+00  1.797032979432697e+00  2.967020429807173e-03  4.594232093931189e-01 -5.934041134605939e-05  1.601317129615085e-01  1.045075032745382e+00  4.005096669762311e-04  4.056982092994891e-04 
 1.300000000000000e+00  1.797032835936406e+00  2.967163925929639e-03  4.610980865800511e-01 -5.934328127187721e-05  1.618066243781069e-01  1.043385871218652e+00  4.005292773349805e-04  4.056982193378455e-04 
 1.302000000000000e+00  1.797032692424418e+00  2.967307437751795e-03  4.627731510061207e-01 -5.934615151165223e-05  1.634817230375842e-01  1.041696520190110e+00  4.005488898627922e-04  4.056982284058441e-04 
 1.304000000000000e+00  1.797032548896757e+00  2.967450965244137e-03  4.644484023281915e-01 -5.934902206485709e-05  1.651570085967971e-01  1.040006980005491e+00  4.005685045556408e-04  4.056982365031629e-04 
 1.306000000000000e+00  1.797032405353457e+00  2.967594508377238e-03  4.661238402041706e-01 -5.935189293086729e-05  1.668324807136460e-01  1.038317251009486e+00  4.005881214095129e-04  4.056982436294778e-04 
 1.308000000000000e+00  1.797032261794544e+00  2.967738067121764e-03  4.677994642930022e-01 -5.935476410911383e-05  1.685081390470679e-01  1.036627333545739e+00  4.006077404204079e-04  4.056982497844665e-04 
 1.310000000000000e+00  1.797032118220050e+00  2.967881641448479e-03  4.694752742546625e-01 -5.935763559899304e-05  1.701839832570317e-01  1.034937227956851e+00  4.006273615843371e-04  4.056982549678085e-04 
 1.312000000000000e+00  1.797031974630003e+00  2.968025231328217e-03  4.711512697501583e-01 -5.936050739994980e-05  1.718600130045376e-01  1.033246934584388e+00  4.006469848973234e-04  4.056982591791809e-04 
 1.314000000000000e+00  1.797031831024431e+00  2.968168836731920e-03  4.728274504415183e-01 -5.936337951138043e-05  1.735362279516073e-01  1.031556453768883e+00  4.006666103554024e-04  4.056982624182659e-04 
 1.316000000000000e+00  1.797031687403365e+00  2.968312457630603e-03  4.745038159917928e-01 -5.936625193270900e-05  1.752126277612843e-01  1.029865785849839e+00  4.006862379546208e-04  4.056982646847433e-04 
 1.318000000000000e+00  1.797031543766833e+00  2.968456093995376e-03  4.761803660650469e-01 -5.936912466334571e-05  1.768892120976266e-01  1.028174931165739e+00  4.007058676910383e-04  4.056982659782946e-04 
 1.320000000000000e+00  1.797031400114863e+00  2.968599745797429e-03  4.778571003263581e-01 -5.937199770274931e-05  1.785659806257049e-01  1.026483890054042e+00  4.007254995607257e-04  4.056982662986016e-04 
 1.322000000000000e+00  1.797031256447485e+00  2.968743413008046e-03  4.795340184418095e-01 -5.937487105030920e-05  1.802429330115954e-01  1.024792662851194e+00  4.007451335597658e-04  4.056982656453479e-04 
 1.324000000000000e+00  1.797031112764726e+00  2.968887095598595e-03  4.812111200784879e-01 -5.937774470547719e-05  1.819200689223782e-01  1.023101249892630e+00  4.007647696842530e-04  4.056982640182172e-04 
 1.326000000000000e+00  1.797030969066617e+00  2.969030793540528e-03  4.828884049044788e-01 -5.938061866767042e-05  1.835973880261319e-01  1.021409651512778e+00  4.007844079302937e-04  4.056982614168931e-04 
 1.328000000000000e+00  1.797030825353184e+00  2.969174506805379e-03  4.845658725888616e-01 -5.938349293632683e-05  1.852748899919292e-01  1.019717868045064e+00  4.008040482940058e-04  4.056982578410622e-04 
 1.330000000000000e+00  1.797030681624457e+00  2.969318235364779e-03  4.862435228017068e-01 -5.938636751087051e-05  1.869525744898337e-01  1.018025899821916e+00  4.008236907715189e-04  4.056982532904090e-04 
 1.332000000000000e+00  1.797030537880463e+00  2.969461979190430e-03  4.879213552140704e-01 -5.938924239073939e-05  1.886304411908949e-01  1.016333747174765e+00  4.008433353589738e-04  4.056982477646204e-04 
 1.334000000000000e+00  1.797030394121232e+00  2.969605738254133e-03  4.895993694979904e-01 -5.939211757536450e-05  1.903084897671437e-01  1.014641410434056e+00  4.008629820525236e-04  4.056982412633841e-04 
 1.336000000000000e+00  1.797030250346791e+00  2.969749512527753e-03  4.912775653264835e-01 -5.939499306418378e-05  1.919867198915902e-01  1.012948889929246e+00  4.008826308483322e-04  4.056982337863871e-04 
 1.338000000000000e+00  1.797030106557167e+00  2.969893301983257e-03  4.929559423735390e-01 -5.939786885666293e-05  1.936651312382172e-01  1.011256185988809e+00  4.009022817425747e-04  4.056982253333193e-04 
 1.340000000000000e+00  1.797029962752390e+00  2.970037106592688e-03  4.946345003141165e-01 -5.940074495220521e-05  1.953437234819776e-01  1.009563298940245e+00  4.009219347314385e-04  4.056982159038702e-04 
 1.342000000000000e+00  1.797029818932486e+00  2.970180926328172e-03  4.963132388241421e-01 -5.940362135027633e-05  1.970224962987906e-01  1.007870229110078e+00  4.009415898111216e-04  4.056982054977288e-04 
 1.344000000000000e+00  1.797029675097485e+00  2.970324761161922e-03  4.979921575805020e-01 -5.940649805030729e-05  1.987014493655359e-01  1.006176976823863e+00  4.009612469778336e-04  4.056981941145872e-04 
 1.346000000000000e+00  1.797029531247413e+00  2.970468611066221e-03  4.996712562610418e-01 -5.940937505174299e-05  2.003805823600527e-01  1.004483542406189e+00  4.009809062277949e-04  4.056981817541363e-04 
 1.348000000000000e+00  1.797029387382298e+00  2.970612476013449e-03  5.013505345445592e-01 -5.941225235404912e-05  2.020598949611319e-01  1.002789926180683e+00  4.010005675572377e-04  4.056981684160690e-04 
 1.350000000000000e+00  1.797029243502167e+00  2.970756355976061e-03  5.030299921108035e-01 -5.941512995666365e-05  2.037393868485161e-01  1.001096128470018e+00  4.010202309624048e-04  4.056981541000777e-04 
 1.352000000000000e+00  1.797029099607048e+00  2.970900250926590e-03  5.047096286404690e-01 -5.941800785903839e-05  2.054190577028933e-01  9.994021495959082e-01  4.010398964395506e-04  4.056981388058557e-04 
 1.354000000000000e+00  1.797028955696969e+00  2.971044160837660e-03  5.063894438151914e-01 -5.942088606061824e-05  2.070989072058926e-01  9.977079898791232e-01  4.010595639849400e-04  4.056981225330981e-04 
 1.356000000000000e+00  1.797028811771958e+00  2.971188085681958e-03  5.080694373175453e-01 -5.942376456085502e-05  2.087789350400820e-01  9.960136496394838e-01  4.010792335948493e-04  4.056981052814996e-04 
 1.358000000000000e+00  1.797028667832038e+00  2.971332025432276e-03  5.097496088310390e-01 -5.942664335923525e-05  2.104591408889635e-01  9.943191291958687e-01  4.010989052655656e-04  4.056980870507563e-04 
 1.360000000000000e+00  1.797028523877241e+00  2.971475980061460e-03  5.114299580401116e-01 -5.942952245517608e-05  2.121395244369695e-01  9.926244288662216e-01  4.011185789933869e-04  4.056980678405646e-04 
 1.362000000000000e+00  1.797028379907593e+00  2.971619949542452e-03  5.131104846301285e-01 -5.943240184815013e-05  2.138200853694591e-01  9.909295489675497e-01  4.011382547746221e-04  4.056980476506210e-04 
 1.364000000000000e+00  1.797028235923119e+00  2.971763933848275e-03  5.147911882873778e-01 -5.943528153763006e-05  2.155008233727137e-01  9.892344898159307e-01  4.011579326055910e-04  4.056980264806243e-04 
 1.366000000000000e+00  1.797028091923847e+00  2.971907932952015e-03  5.164720686990666e-01 -5.943816152307463e-05  2.171817381339343e-01  9.875392517265155e-01  4.011776124826239e-04  4.056980043302723e-04 
 1.368000000000000e+00  1.797027947909804e+00  2.972051946826854e-03  5.181531255533171e-01 -5.944104180392179e-05  2.188628293412366e-01  9.858438350135336e-01  4.011972944020622e-04  4.056979811992647e-04 
 1.370000000000000e+00  1.797027803881017e+00  2.972195975446046e-03  5.198343585391628e-01 -5.944392237967194e-05  2.205440966836477e-01  9.841482399902941e-01  4.012169783602577e-04  4.056979570873009e-04 
 1.372000000000000e+00  1.797027659837511e+00  2.972340018782917e-03  5.215157673465458e-01 -5.944680324977691e-05  2.222255398511033e-01  9.824524669691923e-01  4.012366643535730e-04  4.056979319940813e-04 
 1.374000000000000e+00  1.797027515779315e+00  2.972484076810875e-03  5.231973516663113e-01 -5.944968441370241e-05  2.239071585344423e-01  9.807565162617121e-01  4.012563523783813e-04  4.056979059193068e-04 
 1.376000000000000e+00  1.797027371706454e+00  2.972628149503408e-03  5.248791111902044e-01 -5.945256587092107e-05  2.255889524254034e-01  9.790603881784286e-01  4.012760424310662e-04  4.056978788626807e-04 
 1.378000000000000e+00  1.797027227618955e+00  2.972772236834086e-03  5.265610456108681e-01 -5.945544762089860e-05  2.272709212166236e-01  9.773640830290143e-01  4.012957345080220e-04  4.056978508239038e-04 
 1.380000000000000e+00  1.797027083516845e+00  2.972916338776538e-03  5.282431546218375e-01 -5.945832966310766e-05  2.289530646016312e-01  9.756676011222415e-01  4.013154286056534e-04  4.056978218026805e-04 
 1.382000000000000e+00  1.797026939400149e+00  2.973060455304489e-03  5.299254379175373e-01 -5.946121199703475e-05  2.306353822748450e-01  9.739709427659839e-01  4.013351247203755e-04  4.056977917987142e-04 
 1.384000000000000e+00  1.797026795268893e+00  2.973204586391731e-03  5.316078951932776e-01 -5.946409462213170e-05  2.323178739315687e-01  9.722741082672252e-01  4.013548228486140e-04  4.056977608117104e-04 
 1.386000000000000e+00  1.797026651123105e+00  2.973348732012123e-03  5.332905261452519e-01 -5.946697753791280e-05  2.340005392679896e-01  9.705770979320576e-01  4.013745229868043e-04  4.056977288413722e-04 
 1.388000000000000e+00  1.797026506962809e+00  2.973492892139619e-03  5.349733304705312e-01 -5.946986074382293e-05  2.356833779811726e-01  9.688799120656891e-01  4.013942251313930e-04  4.056976958874061e-04 
 1.390000000000000e+00  1.797026362788032e+00  2.973637066748234e-03  5.366563078670613e-01 -5.947274423936250e-05  2.373663897690571e-01  9.671825509724439e-01  4.014139292788364e-04  4.056976619495193e-04 
 1.392000000000000e+00  1.797026218598800e+00  2.973781255812059e-03  5.383394580336598e-01 -5.947562802400413e-05  2.390495743304546e-01  9.654850149557690e-01  4.014336354256012e-04  4.056976270274191e-04 
 1.394000000000000e+00  1.797026074395138e+00  2.973925459305267e-03  5.400227806700132e-01 -5.947851209723437e-05  2.407329313650455e-01  9.637873043182360e-01  4.014533435681639e-04  4.056975911208123e-04 
 1.396000000000000e+00  1.797025930177073e+00  2.974069677202100e-03  5.417062754766709e-01 -5.948139645853973e-05  2.424164605733731e-01  9.620894193615448e-01  4.014730537030118e-04  4.056975542294080e-04 
 1.398000000000000e+00  1.797025785944630e+00  2.974213909476876e-03  5.433899421550443e-01 -5.948428110740672e-05  2.441001616568424e-01  9.603913603865281e-01  4.014927658266420e-04  4.056975163529155e-04 
 1.400000000000000e+00  1.797025641697835e+00  2.974358156103979e-03  5.450737804074028e-01 -5.948716604331494e-05  2.457840343177170e-01  9.586931276931532e-01  4.015124799355611e-04  4.056974774910430e-04 
 1.402000000000000e+00  1.797025497436712e+00  2.974502417057883e-03  5.467577899368682e-01 -5.949005126575785e-05  2.474680782591123e-01  9.569947215805267e-01  4.015321960262869e-04  4.056974376435025e-04 
 1.404000000000000e+00  1.797025353161288e+00  2.974646692313116e-03  5.484419704474145e-01 -5.949293677423584e-05  2.491522931849965e-01  9.552961423468974e-01  4.015519140953461e-04  4.056973968100041e-04 
 1.406000000000000e+00  1.797025208871589e+00  2.974790981844295e-03  5.501263216438623e-01 -5.949582256822156e-05  2.508366788001841e-01  9.535973902896613e-01  4.015716341392757e-04  4.056973549902596e-04 
 1.408000000000000e+00  1.797025064567639e+00  2.974935285626094e-03  5.518108432318761e-01 -5.949870864722928e-05  2.525212348103335e-01  9.518984657053611e-01  4.015913561546226e-04  4.056973121839815e-04 
 1.410000000000000e+00  1.797024920249463e+00  2.975079603633276e-03  5.534955349179610e-01 -5.950159501074553e-05  2.542059609219437e-01  9.501993688896951e-01  4.016110801379439e-04  4.056972683908822e-04 
 1.412000000000000e+00  1.797024775917087e+00  2.975223935840664e-03  5.551803964094594e-01 -5.950448165827071e-05  2.558908568423512e-01  9.485001001375161e-01  4.016308060858061e-04  4.056972236106749e-04 
 1.414000000000000e+00  1.797024631570536e+00  2.975368282223155e-03  5.568654274145465e-01 -5.950736858927747e-05  2.575759222797253e-01  9.468006597428368e-01  4.016505339947855e-04  4.056971778430750e-04 
 1.416000000000000e+00  1.797024487209834e+00  2.975512642755717e-03  5.585506276422295e-01 -5.951025580331476e-05  2.592611569430670e-01  9.451010479988317e-01  4.016702638614680e-04  4.056971310877957e-04 
 1.418000000000000e+00  1.797024342835009e+00  2.975657017413393e-03  5.602359968023417e-01 -5.951314329982749e-05  2.609465605422038e-01  9.434012651978440e-01  4.016899956824497e-04  4.056970833445533e-04 
 1.420000000000000e+00  1.797024198446082e+00  2.975801406171300e-03  5.619215346055397e-01 -5.951603107835768e-05  2.626321327877862e-01  9.417013116313828e-01  4.017097294543363e-04  4.056970346130643e-04 
 1.422000000000000e+00  1.797024054043080e+00  2.975945809004608e-03  5.636072407633030e-01 -5.951891913840573e-05  2.643178733912881e-01  9.400011875901328e-01  4.017294651737423e-04  4.056969848930434e-04 
 1.424000000000000e+00  1.797023909626028e+00  2.976090225888583e-03  5.652931149879253e-01 -5.952180747944430e-05  2.660037820649970e-01  9.383008933639546e-01  4.017492028372927e-04  4.056969341842103e-04 
 1.426000000000000e+00  1.797023765194949e+00  2.976234656798531e-03  5.669791569925177e-01 -5.952469610101541e-05  2.676898585220181e-01  9.366004292418862e-01  4.017689424416219e-04  4.056968824862800e-04 
 1.428000000000000e+00  1.797023620749870e+00  2.976379101709862e-03  5.686653664909984e-01 -5.952758500261252e-05  2.693761024762640e-01  9.348997955121494e-01  4.017886839833734e-04  4.056968297989740e-04 
 1.430000000000000e+00  1.797023476290813e+00  2.976523560598023e-03  5.703517431980971e-01 -5.953047418374990e-05  2.710625136424583e-01  9.331989924621519e-01  4.018084274592005e-04  4.056967761220088e-04 
 1.432000000000000e+00  1.797023331817803e+00  2.976668033438549e-03  5.720382868293457e-01 -5.953336364393491e-05  2.727490917361270e-01  9.314980203784902e-01  4.018281728657660e-04  4.056967214551048e-04 
 1.434000000000000e+00  1.797023187330866e+00  2.976812520207039e-03  5.737249971010778e-01 -5.953625338267488e-05  2.744358364735984e-01  9.297968795469536e-01  4.018479201997415e-04  4.056966657979821e-04 
 1.436000000000000e+00  1.797023042830025e+00  2.976957020879162e-03  5.754118737304249e-01 -5.953914339949795e-05  2.761227475719975e-01  9.280955702525248e-01  4.018676694578088e-04  4.056966091503627e-04 
 1.438000000000000e+00  1.797022898315305e+00  2.977101535430658e-03  5.770989164353140e-01 -5.954203369389760e-05  2.778098247492459e-01  9.263940927793878e-01  4.018874206366586e-04  4.056965515119673e-04 
 1.440000000000000e+00  1.797022753786730e+00  2.977246063837320e-03  5.787861249344647e-01 -5.954492426539504e-05  2.794970677240574e-01  9.246924474109275e-01  4.019071737329907e-04  4.056964928825165e-04 
 1.442000000000000e+00  1.797022609244323e+00  2.977390606075029e-03  5.804734989473829e-01 -5.954781511353924e-05  2.811844762159320e-01  9.229906344297305e-01  4.019269287435145e-04  4.056964332617354e-04 
 1.444000000000000e+00  1.797022464688110e+00  2.977535162119723e-03  5.821610381943628e-01 -5.955070623780978e-05  2.828720499451584e-01  9.212886541175963e-01  4.019466856649484e-04  4.056963726493456e-04 
 1.446000000000000e+00  1.797022320118113e+00  2.977679731947406e-03  5.838487423964797e-01 -5.955359763773482e-05  2.845597886328059e-01  9.195865067555331e-01  4.019664444940202e-04  4.056963110450716e-04 
 1.448000000000000e+00  1.797022175534358e+00  2.977824315534155e-03  5.855366112755889e-01 -5.955648931283558e-05  2.862476920007244e-01  9.178841926237629e-01  4.019862052274664e-04  4.056962484486376e-04 
 1.450000000000000e+00  1.797022030936867e+00  2.977968912856109e-03  5.872246445543221e-01 -5.955938126265409e-05  2.879357597715396e-01  9.161817120017250e-01  4.020059678620334e-04  4.056961848597684e-04 
 1.452000000000000e+00  1.797021886325665e+00  2.978113523889477e-03  5.889128419560840e-01 -5.956227348669768e-05  2.896239916686506e-01  9.144790651680800e-01  4.020257323944756e-04  4.056961202781906e-04 
 1.454000000000000e+00  1.797021741700775e+00  2.978258148610533e-03  5.906012032050509e-01 -5.956516598450146e-05  2.913123874162283e-01  9.127762524007108e-01  4.020454988215572e-04  4.056960547036287e-04 
 1.456000000000000e+00  1.797021597062221e+00  2.978402786995608e-03  5.922897280261653e-01 -5.956805875557969e-05  2.930009467392092e-01  9.110732739767277e-01  4.020652671400514e-04  4.056959881358107e-04 
 1.458000000000000e+00  1.797021452410027e+00  2.978547439021114e-03  5.939784161451350e-01 -5.957095179946054e-05  2.946896693632957e-01  9.093701301724698e-01  4.020850373467398e-04  4.056959205744629e-04 
 1.460000000000000e+00  1.797021307744215e+00  2.978692104663523e-03  5.956672672884283e-01 -5.957384511569991e-05  2.963785550149504e-01  9.076668212635075e-01  4.021048094384138e-04  4.056958520193142e-04 
 1.462000000000000e+00  1.797021163064811e+00  2.978836783899362e-03  5.973562811832732e-01 -5.957673870378433e-05  2.980676034213956e-01  9.059633475246492e-01  4.021245834118728e-04  4.056957824700923e-04 
 1.464000000000000e+00  1.797021018371836e+00  2.978981476705243e-03  5.990454575576515e-01 -5.957963256329052e-05  2.997568143106077e-01  9.042597092299380e-01  4.021443592639255e-04  4.056957119265275e-04 
 1.466000000000000e+00  1.797020873665315e+00  2.979126183057824e-03  6.007347961402997e-01 -5.958252669370501e-05  3.014461874113176e-01  9.025559066526631e-01  4.021641369913894e-04  4.056956403883483e-04 
 1.468000000000000e+00  1.797020728945270e+00  2.979270902933834e-03  6.024242966607031e-01 -5.958542109461146e-05  3.031357224530049e-01  9.008519400653529e-01  4.021839165910910e-04  4.056955678552843e-04 
 1.470000000000000e+00  1.797020584211724e+00  2.979415636310063e-03  6.041139588490929e-01 -5.958831576551721e-05  3.048254191658955e-01  8.991478097397854e-01  4.022036980598648e-04  4.056954943270681e-04 
 1.472000000000000e+00  1.797020439464702e+00  2.979560383163380e-03  6.058037824364462e-01 -5.959121070595735e-05  3.065152772809607e-01  8.974435159469897e-01  4.022234813945550e-04  4.056954198034293e-04 
 1.474000000000000e+00  1.797020294704226e+00  2.979705143470700e-03  6.074937671544789e-01 -5.959410591548087e-05  3.082052965299112e-01  8.957390589572454e-01  4.022432665920140e-04  4.056953442841011e-04 
 1.476000000000000e+00  1.797020149930318e+00  2.979849917209007e-03  6.091839127356469e-01 -5.959700139363672e-05  3.098954766451971e-01  8.940344390400891e-01  4.022630536491027e-04  4.056952677688156e-04 
 1.478000000000000e+00  1.797020005143003e+00  2.979994704355348e-03  6.108742189131411e-01 -5.959989713994612e-05  3.115858173600041e-01  8.923296564643164e-01  4.022828425626908e-04  4.056951902573046e-04 
 1.480000000000000e+00  1.797019860342302e+00  2.980139504886838e-03  6.125646854208842e-01 -5.960279315395806e-05  3.132763184082493e-01  8.906247114979845e-01  4.023026333296569e-04  4.056951117493029e-04 
 1.482000000000000e+00  1.797019715528240e+00  2.980284318780646e-03  6.142553119935291e-01 -5.960568943520761e-05  3.149669795245802e-01  8.889196044084144e-01  4.023224259468877e-04  4.056950322445440e-04 
 1.484000000000000e+00  1.797019570700837e+00  2.980429146014012e-03  6.159460983664556e-01 -5.960858598326457e-05  3.166578004443711e-01  8.872143354621936e-01  4.023422204112784e-04  4.056949517427633e-04 
 1.486000000000000e+00  1.797019425860118e+00  2.980573986564234e-03  6.176370442757678e-01 -5.961148279764322e-05  3.183487809037207e-01  8.855089049251819e-01  4.023620167197331e-04  4.056948702436951e-04 
 1.488000000000000e+00  1.797019281006104e+00  2.980718840408671e-03  6.193281494582903e-01 -5.961437987792029e-05  3.200399206394482e-01  8.838033130625088e-01  4.023818148691644e-04  4.056947877470768e-04 
 1.490000000000000e+00  1.797019136138819e+00  2.980863707524743e-03  6.210194136515678e-01 -5.961727722362392e-05  3.217312193890929e-01  8.820975601385821e-01  4.024016148564925e-04  4.056947042526428e-04 
 1.492000000000000e+00  1.797018991258285e+00  2.981008587889941e-03  6.227108365938593e-01 -5.962017483430310e-05  3.234226768909086e-01  8.803916464170876e-01  4.024214166786467e-04  4.056946197601312e-04 
 1.494000000000000e+00  1.797018846364524e+00  2.981153481481801e-03  6.244024180241384e-01 -5.962307270952760e-05  3.251142928838634e-01  8.786855721609903e-01  4.024412203325649e-04  4.056945342692782e-04 
 1.496000000000000e+00  1.797018701457558e+00  2.981298388277937e-03  6.260941576820875e-01 -5.962597084883947e-05  3.268060671076343e-01  8.769793376325401e-01  4.024610258151927e-04  4.056944477798235e-04 
 1.498000000000000e+00  1.797018556537411e+00  2.981443308256010e-03  6.277860553080979e-01 -5.962886925179461e-05  3.284979993026073e-01  8.752729430932744e-01  4.024808331234843e-04  4.056943602915045e-04 
 1.500000000000000e+00  1.797018411604104e+00  2.981588241393746e-03  6.294781106432656e-01 -5.963176791792812e-05  3.301900892098732e-01  8.735663888040193e-01  4.025006422544020e-04  4.056942718040604e-04 
 1.502000000000000e+00  1.797018266657660e+00  2.981733187668942e-03  6.311703234293888e-01 -5.963466684680285e-05  3.318823365712247e-01  8.718596750248927e-01  4.025204532049166e-04  4.056941823172307e-04 
 1.504000000000000e+00  1.797018121698100e+00  2.981878147059440e-03  6.328626934089655e-01 -5.963756603800247e-05  3.335747411291548e-01  8.701528020153061e-01  4.025402659720069e-04  4.056940918307555e-04 
 1.506000000000000e+00  1.797017976725447e+00  2.982023119543144e-03  6.345552203251905e-01 -5.964046549106206e-05  3.352673026268527e-01  8.684457700339705e-01  4.025600805526600e-04  4.056940003443755e-04 
 1.508000000000000e+00  1.797017831739723e+00  2.982168105098030e-03  6.362479039219529e-01 -5.964336520555141e-05  3.369600208082024e-01  8.667385793388951e-01  4.025798969438711e-04  4.056939078578323e-04 
 1.510000000000000e+00  1.797017686740950e+00  2.982313103702118e-03  6.379407439438339e-01 -5.964626518101257e-05  3.386528954177801e-01  8.650312301873938e-01  4.025997151426433e-04  4.056938143708670e-04 
 1.512000000000000e+00  1.797017541729149e+00  2.982458115333497e-03  6.396337401361034e-01 -5.964916541702919e-05  3.403459262008501e-01  8.633237228360829e-01  4.026195351459882e-04  4.056937198832227e-04 
 1.514000000000000e+00  1.797017396704343e+00  2.982603139970311e-03  6.413268922447188e-01 -5.965206591314332e-05  3.420391129033647e-01  8.616160575408898e-01  4.026393569509251e-04  4.056936243946406e-04 
 1.516000000000000e+00  1.797017251666553e+00  2.982748177590765e-03  6.430202000163198e-01 -5.965496666894554e-05  3.437324552719584e-01  8.599082345570490e-01  4.026591805544814e-04  4.056935279048655e-04 
 1.518000000000000e+00  1.797017106615801e+00  2.982893228173124e-03  6.447136631982291e-01 -5.965786768397791e-05  3.454259530539487e-01  8.582002541391119e-01  4.026790059536928e-04  4.056934304136401e-04 
 1.520000000000000e+00  1.797016961552109e+00  2.983038291695704e-03  6.464072815384468e-01 -5.966076895781713e-05  3.471196059973308e-01  8.564921165409427e-01  4.026988331456024e-04  4.056933319207096e-04 
 1.522000000000000e+00  1.797016816475498e+00  2.983183368136887e-03  6.481010547856498e-01 -5.966367049003302e-05  3.488134138507760e-01  8.547838220157247e-01  4.027186621272618e-04  4.056932324258192e-04 
 1.524000000000000e+00  1.797016671385991e+00  2.983328457475107e-03  6.497949826891896e-01 -5.966657228018146e-05  3.505073763636308e-01  8.530753708159632e-01  4.027384928957299e-04  4.056931319287128e-04 
 1.526000000000000e+00  1.797016526283608e+00  2.983473559688864e-03  6.514890649990872e-01 -5.966947432784614e-05  3.522014932859113e-01  8.513667631934847e-01  4.027583254480739e-04  4.056930304291375e-04 
 1.528000000000000e+00  1.797016381168370e+00  2.983618674756704e-03  6.531833014660335e-01 -5.967237663259684e-05  3.538957643683031e-01  8.496579993994436e-01  4.027781597813689e-04  4.056929279268393e-04 
 1.530000000000000e+00  1.797016236040301e+00  2.983763802657243e-03  6.548776918413852e-01 -5.967527919398946e-05  3.555901893621577e-01  8.479490796843223e-01  4.027979958926977e-04  4.056928244215651e-04 
 1.532000000000000e+00  1.797016090899419e+00  2.983908943369142e-03  6.565722358771627e-01 -5.967818201161462e-05  3.572847680194907e-01  8.462400042979333e-01  4.028178337791504e-04  4.056927199130618e-04 
 1.534000000000000e+00  1.797015945745748e+00  2.984054096871126e-03  6.582669333260467e-01 -5.968108508504211e-05  3.589795000929774e-01  8.445307734894238e-01  4.028376734378259e-04  4.056926144010790e-04 
 1.536000000000000e+00  1.797015800579308e+00  2.984199263141971e-03  6.599617839413784e-01 -5.968398841384170e-05  3.606743853359541e-01  8.428213875072756e-01  4.028575148658296e-04  4.056925078853635e-04 
 1.538000000000000e+00  1.797015655400119e+00  2.984344442160519e-03  6.616567874771538e-01 -5.968689199761790e-05  3.623694235024118e-01  8.411118465993089e-01  4.028773580602755e-04  4.056924003656650e-04 
 1.540000000000000e+00  1.797015510208205e+00  2.984489633905659e-03  6.633519436880233e-01 -5.968979583589190e-05  3.640646143469957e-01  8.394021510126879e-01  4.028972030182854e-04  4.056922918417326e-04 
 1.542000000000000e+00  1.797015365003584e+00  2.984634838356342e-03  6.650472523292884e-01 -5.969269992831677e-05  3.657599576250024e-01  8.376923009939148e-01  4.029170497369876e-04  4.056921823133168e-04 
 1.544000000000000e+00  1.797015219786280e+00  2.984780055491573e-03  6.667427131568999e-01 -5.969560427439985e-05  3.674554530923777e-01  8.359822967888432e-01  4.029368982135190e-04  4.056920717801678e-04 
 1.546000000000000e+00  1.797015074556312e+00  2.984925285290404e-03  6.684383259274551e-01 -5.969850887377337e-05  3.691511005057138e-01  8.342721386426701e-01  4.029567484450239e-04  4.056919602420363e-04 
 1.548000000000000e+00  1.797014929313700e+00  2.985070527731961e-03  6.701340903981953e-01 -5.970141372600712e-05  3.708468996222472e-01  8.325618267999458e-01  4.029766004286538e-04  4.056918476986742e-04 
 1.550000000000000e+00  1.797014784058467e+00  2.985215782795407e-03  6.718300063270035e-01 -5.970431883066396e-05  3.725428501998558e-01  8.308513615045745e-01  4.029964541615683e-04  4.056917341498331e-04 
 1.552000000000000e+00  1.797014638790633e+00  2.985361050459968e-03  6.735260734724025e-01 -5.970722418734142e-05  3.742389519970573e-01  8.291407429998136e-01  4.030163096409341e-04  4.056916195952656e-04 
 1.554000000000000e+00  1.797014493510219e+00  2.985506330704925e-03  6.752222915935517e-01 -5.971012979563012e-05  3.759352047730065e-01  8.274299715282787e-01  4.030361668639255e-04  4.056915040347243e-04 
 1.556000000000000e+00  1.797014348217244e+00  2.985651623509614e-03  6.769186604502450e-01 -5.971303565512065e-05  3.776316082874921e-01  8.257190473319452e-01  4.030560258277240e-04  4.056913874679641e-04 
 1.558000000000000e+00  1.797014202911730e+00  2.985796928853422e-03  6.786151798029096e-01 -5.971594176539669e-05  3.793281623009365e-01  8.240079706521534e-01  4.030758865295190e-04  4.056912698947369e-04 
 1.560000000000000e+00  1.797014057593699e+00  2.985942246715792e-03  6.803118494126023e-01 -5.971884812602801e-05  3.810248665743915e-01  8.222967417296070e-01  4.030957489665067e-04  4.056911513147979e-04 
 1.562000000000000e+00  1.797013912263169e+00  2.986087577076222e-03  6.820086690410062e-01 -5.972175473662605e-05  3.827217208695355e-01  8.205853608043762e-01  4.031156131358911e-04  4.056910317279031e-04 
 1.564000000000001e+00  1.797013766920161e+00  2.986232919914260e-03  6.837056384504322e-01 -5.972466159678141e-05  3.844187249486743e-01  8.188738281159006e-01  4.031354790348833e-04  4.056909111338066e-04 
 1.566000000000001e+00  1.797013621564696e+00  2.986378275209516e-03  6.854027574038128e-01 -5.972756870609164e-05  3.861158785747357e-01  8.171621439029928e-01  4.031553466607021e-04  4.056907895322644e-04 
 1.568000000000001e+00  1.797013476196794e+00  2.986523642941642e-03  6.871000256647013e-01 -5.973047606411264e-05  3.878131815112680e-01  8.154503084038407e-01  4.031752160105732e-04  4.056906669230336e-04 
 1.570000000000001e+00  1.797013330816475e+00  2.986669023090352e-03  6.887974429972702e-01 -5.973338367049746e-05  3.895106335224389e-01  8.137383218560051e-01  4.031950870817294e-04  4.056905433058701e-04 
 1.572000000000001e+00  1.797013185423761e+00  2.986814415635410e-03  6.904950091663072e-01 -5.973629152478815e-05  3.912082343730315e-01  8.120261844964292e-01  4.032149598714110e-04  4.056904186805324e-04 
 1.574000000000001e+00  1.797013040018669e+00  2.986959820556628e-03  6.921927239372155e-01 -5.973919962661695e-05  3.929059838284438e-01  8.103138965614348e-01  4.032348343768658e-04  4.056902930467774e-04 
 1.576000000000001e+00  1.797012894601222e+00  2.987105237833878e-03  6.938905870760090e-01 -5.974210797555363e-05  3.946038816546851e-01  8.086014582867284e-01  4.032547105953482e-04  4.056901664043633e-04 
 1.578000000000001e+00  1.797012749171440e+00  2.987250667447088e-03  6.955885983493111e-01 -5.974501657120962e-05  3.963019276183740e-01  8.068888699074013e-01  4.032745885241198e-04  4.056900387530499e-04 
 1.580000000000001e+00  1.797012603729341e+00  2.987396109376221e-03  6.972867575243535e-01 -5.974792541317553e-05  3.980001214867376e-01  8.051761316579328e-01  4.032944681604499e-04  4.056899100925946e-04 
 1.582000000000001e+00  1.797012458274946e+00  2.987541563601306e-03  6.989850643689716e-01 -5.975083450108359e-05  3.996984630276061e-01  8.034632437721907e-01  4.033143495016144e-04  4.056897804227591e-04 
 1.584000000000001e+00  1.797012312808275e+00  2.987687030102424e-03  7.006835186516046e-01 -5.975374383450360e-05  4.013969520094144e-01  8.017502064834386e-01  4.033342325448961e-04  4.056896497433025e-04 
 1.586000000000001e+00  1.797012167329348e+00  2.987832508859710e-03  7.023821201412922e-01 -5.975665341304698e-05  4.030955882011971e-01  8.000370200243311e-01  4.033541172875857e-04  4.056895180539862e-04 
 1.588000000000001e+00  1.797012021838184e+00  2.987977999853325e-03  7.040808686076735e-01 -5.975956323631820e-05  4.047943713725888e-01  7.983236846269209e-01  4.033740037269798e-04  4.056893853545694e-04 
 1.590000000000001e+00  1.797011876334804e+00  2.988123503063519e-03  7.057797638209823e-01 -5.976247330392176e-05  4.064933012938186e-01  7.966102005226600e-01  4.033938918603825e-04  4.056892516448153e-04 
 1.592000000000001e+00  1.797011730819227e+00  2.988269018470565e-03  7.074788055520467e-01 -5.976538361545519e-05  4.081923777357097e-01  7.948965679423996e-01  4.034137816851055e-04  4.056891169244868e-04 
 1.594000000000001e+00  1.797011585291473e+00  2.988414546054806e-03  7.091779935722889e-01 -5.976829417053686e-05  4.098916004696798e-01  7.931827871163963e-01  4.034336731984663e-04  4.056889811933444e-04 
 1.596000000000001e+00  1.797011439751562e+00  2.988560085796620e-03  7.108773276537189e-01 -5.977120496877125e-05  4.115909692677340e-01  7.914688582743096e-01  4.034535663977902e-04  4.056888444511524e-04 
 1.598000000000001e+00  1.797011294199512e+00  2.988705637676442e-03  7.125768075689358e-01 -5.977411600976978e-05  4.132904839024670e-01  7.897547816452088e-01  4.034734612804089e-04  4.056887066976732e-04 
 1.600000000000001e+00  1.797011148635344e+00  2.988851201674757e-03  7.142764330911231e-01 -5.977702729313000e-05  4.149901441470575e-01  7.880405574575714e-01  4.034933578436608e-04  4.056885679326718e-04 
 1.602000000000001e+00  1.797011003059076e+00  2.988996777772106e-03  7.159762039940487e-01 -5.977993881848415e-05  4.166899497752687e-01  7.863261859392866e-01  4.035132560848922e-04  4.056884281559121e-04 
 1.604000000000001e+00  1.797010857470729e+00  2.989142365949067e-03  7.176761200520627e-01 -5.978285058541588e-05  4.183899005614462e-01  7.846116673176592e-01  4.035331560014551e-04  4.056882873671577e-04 
 1.606000000000001e+00  1.797010711870322e+00  2.989287966186283e-03  7.193761810400919e-01 -5.978576259356438e-05  4.200899962805121e-01  7.828970018194071e-01  4.035530575907085e-04  4.056881455661764e-04 
 1.608000000000001e+00  1.797010566257874e+00  2.989433578464435e-03  7.210763867336436e-01 -5.978867484252720e-05  4.217902367079691e-01  7.811821896706683e-01  4.035729608500185e-04  4.056880027527315e-04 
 1.610000000000001e+00  1.797010420633403e+00  2.989579202764252e-03  7.227767369087982e-01 -5.979158733193657e-05  4.234906216198930e-01  7.794672310970003e-01  4.035928657767582e-04  4.056878589265903e-04 
 1.612000000000001e+00  1.797010274996931e+00  2.989724839066531e-03  7.244772313422096e-01 -5.979450006137615e-05  4.251911507929333e-01  7.777521263233834e-01  4.036127723683063e-04  4.056877140875194e-04 
 1.614000000000001e+00  1.797010129348475e+00  2.989870487352096e-03  7.261778698111031e-01 -5.979741303049207e-05  4.268918240043104e-01  7.760368755742214e-01  4.036326806220495e-04  4.056875682352858e-04 
 1.616000000000001e+00  1.797009983688056e+00  2.990016147601827e-03  7.278786520932731e-01 -5.980032623888187e-05  4.285926410318142e-01  7.743214790733457e-01  4.036525905353803e-04  4.056874213696571e-04 
 1.618000000000001e+00  1.797009838015691e+00  2.990161819796658e-03  7.295795779670812e-01 -5.980323968617779e-05  4.302936016538020e-01  7.726059370440136e-01  4.036725021056984e-04  4.056872734904001e-04 
 1.620000000000001e+00  1.797009692331400e+00  2.990307503917568e-03  7.312806472114527e-01 -5.980615337200512e-05  4.319947056491943e-01  7.708902497089148e-01  4.036924153304095e-04  4.056871245972850e-04 
 1.622000000000001e+00  1.797009546635202e+00  2.990453199945585e-03  7.329818596058774e-01 -5.980906729596835e-05  4.336959527974766e-01  7.691744172901724e-01  4.037123302069265e-04  4.056869746900794e-04 
 1.624000000000001e+00  1.797009400927116e+00  2.990598907861781e-03  7.346832149304050e-01 -5.981198145768585e-05  4.353973428786939e-01  7.674584400093422e-01  4.037322467326687e-04  4.056868237685533e-04 
 1.626000000000001e+00  1.797009255207160e+00  2.990744627647284e-03  7.363847129656451e-01 -5.981489585680372e-05  4.370988756734515e-01  7.657423180874161e-01  4.037521649050617e-04  4.056866718324758e-04 
 1.628000000000001e+00  1.797009109475353e+00  2.990890359283262e-03  7.380863534927631e-01 -5.981781049294033e-05  4.388005509629099e-01  7.640260517448259e-01  4.037720847215380e-04  4.056865188816177e-04 
 1.630000000000001e+00  1.797008963731716e+00  2.991036102750936e-03  7.397881362934807e-01 -5.982072536567934e-05  4.405023685287869e-01  7.623096412014452e-01  4.037920061795363e-04  4.056863649157490e-04 
 1.632000000000001e+00  1.797008817976265e+00  2.991181858031572e-03  7.414900611500719e-01 -5.982364047469463e-05  4.422043281533514e-01  7.605930866765864e-01  4.038119292765023e-04  4.056862099346406e-04 
 1.634000000000001e+00  1.797008672209020e+00  2.991327625106483e-03  7.431921278453609e-01 -5.982655581961149e-05  4.439064296194237e-01  7.588763883890085e-01  4.038318540098874e-04  4.056860539380654e-04 
 1.636000000000001e+00  1.797008526429999e+00  2.991473403957034e-03  7.448943361627232e-01 -5.982947140002054e-05  4.456086727103745e-01  7.571595465569180e-01  4.038517803771500e-04  4.056858969257932e-04 
 1.638000000000001e+00  1.797008380639222e+00  2.991619194564633e-03  7.465966858860791e-01 -5.983238721556788e-05  4.473110572101198e-01  7.554425613979683e-01  4.038717083757547e-04  4.056857388975981e-04 
 1.640000000000001e+00  1.797008234836705e+00  2.991764996910733e-03  7.482991767998960e-01 -5.983530326590658e-05  4.490135829031227e-01  7.537254331292624e-01  4.038916380031723e-04  4.056855798532517e-04 
 1.642000000000001e+00  1.797008089022468e+00  2.991910810976836e-03  7.500018086891831e-01 -5.983821955064111e-05  4.507162495743876e-01  7.520081619673578e-01  4.039115692568809e-04  4.056854197925285e-04 
 1.644000000000001e+00  1.797007943196530e+00  2.992056636744494e-03  7.517045813394923e-01 -5.984113606939678e-05  4.524190570094624e-01  7.502907481282655e-01  4.039315021343635e-04  4.056852587152006e-04 
 1.646000000000001e+00  1.797007797358910e+00  2.992202474195291e-03  7.534074945369141e-01 -5.984405282181277e-05  4.541220049944331e-01  7.485731918274517e-01  4.039514366331107e-04  4.056850966210427e-04 
 1.648000000000001e+00  1.797007651509624e+00  2.992348323310881e-03  7.551105480680766e-01 -5.984696980752824e-05  4.558250933159232e-01  7.468554932798410e-01  4.039713727506188e-04  4.056849335098302e-04 
 1.650000000000001e+00  1.797007505648691e+00  2.992494184072944e-03  7.568137417201447e-01 -5.984988702618238e-05  4.575283217610934e-01  7.451376526998185e-01  4.039913104843901e-04  4.056847693813362e-04 
 1.652000000000001e+00  1.797007359776130e+00  2.992640056463216e-03  7.585170752808157e-01 -5.985280447739355e-05  4.592316901176368e-01  7.434196703012309e-01  4.040112498319340e-04  4.056846042353367e-04 
 1.654000000000001e+00  1.797007213891960e+00  2.992785940463477e-03  7.602205485383188e-01 -5.985572216080093e-05  4.609351981737779e-01  7.417015462973890e-01  4.040311907907656e-04  4.056844380716090e-04 
 1.656000000000001e+00  1.797007067996198e+00  2.992931836055544e-03  7.619241612814149e-01 -5.985864007604369e-05  4.626388457182736e-01  7.399832809010691e-01  4.040511333584062e-04  4.056842708899269e-04 
 1.658000000000001e+00  1.797006922088861e+00  2.993077743221294e-03  7.636279132993917e-01 -5.986155822278183e-05  4.643426325404071e-01  7.382648743245133e-01  4.040710775323833e-04  4.056841026900679e-04 
 1.660000000000001e+00  1.797006776169970e+00  2.993223661942637e-03  7.653318043820629e-01 -5.986447660059901e-05  4.660465584299879e-01  7.365463267794371e-01  4.040910233102308e-04  4.056839334718103e-04 
 1.662000000000001e+00  1.797006630239540e+00  2.993369592201538e-03  7.670358343197683e-01 -5.986739520919687e-05  4.677506231773512e-01  7.348276384770223e-01  4.041109706894887e-04  4.056837632349300e-04 
 1.664000000000001e+00  1.797006484297592e+00  2.993515533980002e-03  7.687400029033693e-01 -5.987031404817295e-05  4.694548265733545e-01  7.331088096279280e-01  4.041309196677028e-04  4.056835919792049e-04 
 1.666000000000001e+00  1.797006338344141e+00  2.993661487260070e-03  7.704443099242483e-01 -5.987323311718723e-05  4.711591684093757e-01  7.313898404422852e-01  4.041508702424254e-04  4.056834197044136e-04 
 1.668000000000001e+00  1.797006192379207e+00  2.993807452023846e-03  7.721487551743067e-01 -5.987615241587196e-05  4.728636484773119e-01  7.296707311297042e-01  4.041708224112147e-04  4.056832464103351e-04 
 1.670000000000001e+00  1.797006046402807e+00  2.993953428253466e-03  7.738533384459633e-01 -5.987907194386632e-05  4.745682665695777e-01  7.279514818992718e-01  4.041907761716350e-04  4.056830720967483e-04 
 1.672000000000001e+00  1.797005900414958e+00  2.994099415931111e-03  7.755580595321526e-01 -5.988199170083724e-05  4.762730224791035e-01  7.262320929595560e-01  4.042107315212567e-04  4.056828967634320e-04 
 1.674000000000001e+00  1.797005754415680e+00  2.994245415039005e-03  7.772629182263225e-01 -5.988491168640309e-05  4.779779159993327e-01  7.245125645186075e-01  4.042306884576562e-04  4.056827204101665e-04 
 1.676000000000001e+00  1.797005608404990e+00  2.994391425559427e-03  7.789679143224320e-01 -5.988783190020303e-05  4.796829469242201e-01  7.227928967839603e-01  4.042506469784157e-04  4.056825430367331e-04 
 1.678000000000001e+00  1.797005462382903e+00  2.994537447474694e-03  7.806730476149513e-01 -5.989075234193175e-05  4.813881150482319e-01  7.210730899626331e-01  4.042706070811238e-04  4.056823646429114e-04 
 1.680000000000001e+00  1.797005316349441e+00  2.994683480767153e-03  7.823783178988591e-01 -5.989367301119375e-05  4.830934201663425e-01  7.193531442611352e-01  4.042905687633745e-04  4.056821852284822e-04 
 1.682000000000001e+00  1.797005170304618e+00  2.994829525419217e-03  7.840837249696389e-01 -5.989659390764207e-05  4.847988620740309e-01  7.176330598854624e-01  4.043105320227686e-04  4.056820047932289e-04 
 1.684000000000001e+00  1.797005024248453e+00  2.994975581413327e-03  7.857892686232817e-01 -5.989951503093671e-05  4.865044405672845e-01  7.159128370411030e-01  4.043304968569114e-04  4.056818233369308e-04 
 1.686000000000001e+00  1.797004878180964e+00  2.995121648731968e-03  7.874949486562788e-01 -5.990243638072379e-05  4.882101554425898e-01  7.141924759330376e-01  4.043504632634160e-04  4.056816408593722e-04 
 1.688000000000001e+00  1.797004732102168e+00  2.995267727357681e-03  7.892007648656248e-01 -5.990535795664942e-05  4.899160064969378e-01  7.124719767657420e-01  4.043704312398997e-04  4.056814573603347e-04 
 1.690000000000001e+00  1.797004586012082e+00  2.995413817273036e-03  7.909067170488130e-01 -5.990827975835972e-05  4.916219935278171e-01  7.107513397431879e-01  4.043904007839865e-04  4.056812728396023e-04 
 1.692000000000001e+00  1.797004439910724e+00  2.995559918460651e-03  7.926128050038348e-01 -5.991120178552856e-05  4.933281163332153e-01  7.090305650688451e-01  4.044103718933062e-04  4.056810872969577e-04 
 1.694000000000001e+00  1.797004293798111e+00  2.995706030903189e-03  7.943190285291769e-01 -5.991412403779511e-05  4.950343747116149e-01  7.073096529456829e-01  4.044303445654941e-04  4.056809007321868e-04 
 1.696000000000001e+00  1.797004147674259e+00  2.995852154583348e-03  7.960253874238231e-01 -5.991704651481938e-05  4.967407684619957e-01  7.055886035761729e-01  4.044503187981914e-04  4.056807131450707e-04 
 1.698000000000001e+00  1.797004001539188e+00  2.995998289483881e-03  7.977318814872466e-01 -5.991996921623360e-05  4.984472973838264e-01  7.038674171622900e-01  4.044702945890454e-04  4.056805245353968e-04 
 1.700000000000001e+00  1.797003855392914e+00  2.996144435587564e-03  7.994385105194144e-01 -5.992289214171859e-05  5.001539612770702e-01  7.021460939055132e-01  4.044902719357087e-04  4.056803349029483e-04 
