 v-sweep                v(out)                 v(xdut.e)              v(xdut.x)              i(VDD)                 margin1                margin2                @m.xdut.m1[gm]         @m.xdut.m2[gm]        
 9.000000000000000e-01  1.343898241742304e+00  2.280508706709496e-03  1.572784771717976e-01 -4.561017582576952e-05 -1.421768202599204e-01  9.295915671536104e-01  2.076249327625832e-04  3.549040527868011e-04 
 9.020000000000000e-01  1.341765817548434e+00  2.291170827670623e-03  1.584196876659869e-01 -4.582341824515651e-05 -1.410330651825927e-01  9.257055711177353e-01  2.091464003352269e-04  3.557158633442149e-04 
 9.040000000000000e-01  1.339643689180221e+00  2.301781469502594e-03  1.595645279188104e-01 -4.603563108197782e-05 -1.398856926516291e-01  9.218304901701382e-01  2.106729247892417e-04  3.565217164621608e-04 
 9.060000000000000e-01  1.337532000383170e+00  2.312339913477872e-03  1.607130087959623e-01 -4.624679996168292e-05 -1.387346919725823e-01  9.179664691619431e-01  2.122045227194095e-04  3.573215991434318e-04 
 9.080000000000000e-01  1.335430895563748e+00  2.322845437564111e-03  1.618651413585288e-01 -4.645691044362512e-05 -1.375800522563980e-01  9.141136536412762e-01  2.137412109954623e-04  3.581154980883957e-04 
 9.100000000000000e-01  1.333340519861435e+00  2.333297316063912e-03  1.630209369632343e-01 -4.666594801385648e-05 -1.364217623192542e-01  9.102721899467565e-01  2.152830068976425e-04  3.589033995266997e-04 
 9.120000000000000e-01  1.331261019154415e+00  2.343694819586335e-03  1.641804072394152e-01 -4.687389808455842e-05 -1.352598107055952e-01  9.064422252080245e-01  2.168299280859129e-04  3.596852892564946e-04 
 9.140000000000000e-01  1.329192540079766e+00  2.354037214945986e-03  1.653435640924919e-01 -4.708074599202330e-05 -1.340941856846828e-01  9.026239073664788e-01  2.183819926049320e-04  3.604611526390551e-04 
 9.160000000000000e-01  1.327135230053986e+00  2.364323765060369e-03  1.665104197075515e-01 -4.728647699460130e-05 -1.329248752470386e-01  8.988173851963744e-01  2.199392188891813e-04  3.612309745932305e-04 
 9.180000000000000e-01  1.325089237293886e+00  2.374553728845422e-03  1.676809865530437e-01 -4.749107627061134e-05 -1.317518671007729e-01  8.950228083263085e-01  2.215016257682534e-04  3.619947395897065e-04 
 9.200000000000000e-01  1.323054710837843e+00  2.384726361109248e-03  1.688552773845919e-01 -4.769452891621568e-05 -1.305751486677993e-01  8.912403272610844e-01  2.230692324722994e-04  3.627524316450899e-04 
 9.220000000000000e-01  1.321031800567440e+00  2.394840912443922e-03  1.700333052489202e-01 -4.789681994325591e-05 -1.293947070799331e-01  8.874700934039859e-01  2.246420586376387e-04  3.635040343158052e-04 
 9.240000000000000e-01  1.319020657229499e+00  2.404896629115324e-03  1.712150834879053e-01 -4.809793427705002e-05 -1.282105291748661e-01  8.837122590794620e-01  2.262201243125452e-04  3.642495306917926e-04 
 9.260000000000000e-01  1.317021432458523e+00  2.414892752950936e-03  1.724006257427505e-01 -4.829785675414762e-05 -1.270226014920192e-01  8.799669775562533e-01  2.278034499632027e-04  3.649889033900121e-04 
 9.280000000000000e-01  1.315034278799558e+00  2.424828521225515e-03  1.735899459582875e-01 -4.849657212004411e-05 -1.258309102682680e-01  8.762344030709500e-01  2.293920564798391e-04  3.657221345477435e-04 
 9.300000000000000e-01  1.313059349731493e+00  2.434703166544606e-03  1.747830583874121e-01 -4.869406502685061e-05 -1.246354414335349e-01  8.725146908520200e-01  2.309859651830502e-04  3.664492058156724e-04 
 9.320000000000001e-01  1.311096799690814e+00  2.444515916725773e-03  1.759799775956533e-01 -4.889032003091849e-05 -1.234361806062484e-01  8.688079971443112e-01  2.325851978303082e-04  3.671700983507644e-04 
 9.340000000000001e-01  1.309146784095820e+00  2.454265994677511e-03  1.771807184658819e-01 -4.908532159041791e-05 -1.222331130886637e-01  8.651144792340404e-01  2.341897766226662e-04  3.678847928089174e-04 
 9.360000000000001e-01  1.307209459371326e+00  2.463952618275737e-03  1.783852962031623e-01 -4.927905406286730e-05 -1.210262238620396e-01  8.614342954743008e-01  2.357997242116639e-04  3.685932693373847e-04 
 9.380000000000001e-01  1.305284982973864e+00  2.473575000237779e-03  1.795937263397521e-01 -4.947150170261350e-05 -1.198154975816699e-01  8.577676053110849e-01  2.374150637064404e-04  3.692955075669625e-04 
 9.400000000000001e-01  1.303373513417400e+00  2.483132347993798e-03  1.808060247402526e-01 -4.966264865825996e-05 -1.186009185717635e-01  8.541145693098577e-01  2.390358186810575e-04  3.699914866039403e-04 
 9.420000000000001e-01  1.301475210299587e+00  2.492623863555518e-03  1.820222076069160e-01 -4.985247897004128e-05 -1.173824708201681e-01  8.504753491826931e-01  2.406620131820434e-04  3.706811850217957e-04 
 9.440000000000001e-01  1.299590234328569e+00  2.502048743382207e-03  1.832422914851131e-01 -5.004097656714299e-05 -1.161601379729348e-01  8.468501078159872e-01  2.422936717361616e-04  3.713645808526395e-04 
 9.460000000000001e-01  1.297718747350358e+00  2.511406178243805e-03  1.844662932689664e-01 -5.022812526496413e-05 -1.149339033287176e-01  8.432390092987724e-01  2.439308193584113e-04  3.720416515783947e-04 
 9.480000000000001e-01  1.295860912376799e+00  2.520695353081074e-03  1.856942302071543e-01 -5.041390876232005e-05 -1.137037498330029e-01  8.396422189516610e-01  2.455734815602684e-04  3.727123741217022e-04 
 9.500000000000001e-01  1.294016893614149e+00  2.529915446862712e-03  1.869261199088919e-01 -5.059831063858506e-05 -1.124696600721625e-01  8.360599033564216e-01  2.472216843581725e-04  3.733767248365471e-04 
 9.520000000000001e-01  1.292186856492289e+00  2.539065632439306e-03  1.881619803500918e-01 -5.078131435077099e-05 -1.112316162673281e-01  8.324922303862272e-01  2.488754542822679e-04  3.740346794985992e-04 
 9.540000000000001e-01  1.290370967694592e+00  2.548145076393990e-03  1.894018298797139e-01 -5.096290323054070e-05 -1.099896002680766e-01  8.289393692365907e-01  2.505348183854097e-04  3.746862132952482e-04 
 9.560000000000001e-01  1.288569395188459e+00  2.557152938889738e-03  1.906456872263066e-01 -5.114306048115399e-05 -1.087435935459258e-01  8.254014904570077e-01  2.521998042524381e-04  3.753313008153395e-04 
 9.580000000000001e-01  1.286782308256570e+00  2.566088373513147e-03  1.918935715047488e-01 -5.132176917434290e-05 -1.074935771876297e-01  8.218787659833420e-01  2.538704400097334e-04  3.759699160385869e-04 
 9.600000000000001e-01  1.285009877528848e+00  2.574950527114588e-03  1.931455022231975e-01 -5.149901224711515e-05 -1.062395318882693e-01  8.183713691709669e-01  2.555467543350607e-04  3.766020323246596e-04 
 9.620000000000001e-01  1.283252275015179e+00  2.583738539644621e-03  1.944014992902469e-01 -5.167477249848199e-05 -1.049814379441316e-01  8.148794748287006e-01  2.572287764677115e-04  3.772276224019317e-04 
 9.640000000000001e-01  1.281509674138909e+00  2.592451543986503e-03  1.956615830223084e-01 -5.184903258610899e-05 -1.037192752453714e-01  8.114032592535506e-01  2.589165362189544e-04  3.778466583558798e-04 
 9.660000000000001e-01  1.279782249771146e+00  2.601088665784688e-03  1.969257741512166e-01 -5.202177502288530e-05 -1.024530232684442e-01  8.079429002663125e-01  2.606100639828031e-04  3.784591116171224e-04 
 9.680000000000001e-01  1.278070178265890e+00  2.609649023269163e-03  1.981940938320709e-01 -5.219298217341091e-05 -1.011826610683082e-01  8.044985772480354e-01  2.623093907471158e-04  3.790649529490822e-04 
 9.700000000000001e-01  1.276373637496030e+00  2.618131727075472e-03  1.994665636513179e-01 -5.236263625039693e-05 -9.990816727038415e-02  8.010704711773938e-01  2.640145481050313e-04  3.796641524352668e-04 
 9.720000000000001e-01  1.274692806890234e+00  2.626535880060261e-03  2.007432056350859e-01 -5.253071931097652e-05 -9.862952006226505e-02  7.976587646690025e-01  2.657255682667605e-04  3.802566794661465e-04 
 9.740000000000001e-01  1.273027867470763e+00  2.634860577112218e-03  2.020240422577784e-01 -5.269721325292363e-05 -9.734669718516767e-02  7.942636420126978e-01  2.674424840717398e-04  3.808425027256218e-04 
 9.760000000000001e-01  1.271379001892242e+00  2.643104904958208e-03  2.033090964509355e-01 -5.286209981077573e-05 -9.605967592511802e-02  7.908852892138259e-01  2.691653290011617e-04  3.814215901770620e-04 
 9.780000000000001e-01  1.269746394481426e+00  2.651267941964431e-03  2.045983916123738e-01 -5.302536055185731e-05 -9.476843310385841e-02  7.875238940345757e-01  2.708941371908959e-04  3.819939090489031e-04 
 9.800000000000001e-01  1.268130231278003e+00  2.659348757932459e-03  2.058919516156140e-01 -5.318697687219966e-05 -9.347294506946857e-02  7.841796460363947e-01  2.726289434448144e-04  3.825594258197850e-04 
 9.820000000000001e-01  1.266530700076440e+00  2.667346413889923e-03  2.071898008196045e-01 -5.334692999235595e-05 -9.217318768669253e-02  7.808527366235114e-01  2.743697832485317e-04  3.831181062032198e-04 
 9.840000000000001e-01  1.264947990468970e+00  2.675259961875659e-03  2.084919640787574e-01 -5.350520095310295e-05 -9.086913632695345e-02  7.775433590876428e-01  2.761166927835838e-04  3.836699151317611e-04 
 9.860000000000001e-01  1.263382293889697e+00  2.683088444719134e-03  2.097984667532992e-01 -5.366177061103021e-05 -8.956076585805592e-02  7.742517086538805e-01  2.778697089420498e-04  3.842148167406735e-04 
 9.880000000000001e-01  1.261833803659901e+00  2.690830895813930e-03  2.111093347199576e-01 -5.381661963400981e-05 -8.824805063355315e-02  7.709779825278393e-01  2.796288693416435e-04  3.847527743510661e-04 
 9.900000000000001e-01  1.260302715034585e+00  2.698486338885020e-03  2.124245943829899e-01 -5.396972849654142e-05 -8.693096448177434e-02  7.677223799441030e-01  2.813942123412865e-04  3.852837504524825e-04 
 9.920000000000001e-01  1.258789225250288e+00  2.706053787749700e-03  2.137442726855666e-01 -5.412107747497109e-05 -8.560948069449803e-02  7.644851022160046e-01  2.831657770571785e-04  3.858077066849257e-04 
 9.940000000000001e-01  1.257293533574240e+00  2.713532246071813e-03  2.150683971215276e-01 -5.427064664257595e-05 -8.428357201525455e-02  7.612663527868094e-01  2.849436033793919e-04  3.863246038202882e-04 
 9.960000000000001e-01  1.255815841354882e+00  2.720920707109126e-03  2.163969957475196e-01 -5.441841586451175e-05 -8.295321062724920e-02  7.580663372823371e-01  2.867277319890011e-04  3.868344017431775e-04 
 9.980000000000001e-01  1.254356352073839e+00  2.728218153453515e-03  2.177300971955339e-01 -5.456436479261606e-05 -8.161836814088660e-02  7.548852635650999e-01  2.885182043757722e-04  3.873370594311016e-04 
 1.000000000000000e+00  1.252915271399357e+00  2.735423556763730e-03  2.190677306858556e-01 -5.470847286006425e-05 -8.027901558088457e-02  7.517233417899856e-01  2.903150628564344e-04  3.878325349340015e-04 
 1.002000000000000e+00  1.251492807241302e+00  2.742535877490427e-03  2.204099260404455e-01 -5.485071927586969e-05 -7.893512337295908e-02  7.485807844615742e-01  2.921183505935543e-04  3.883207853530924e-04 
 1.004000000000000e+00  1.250089169807757e+00  2.749554064593178e-03  2.217567136967651e-01 -5.499108301922417e-05 -7.758666133006603e-02  7.454578064931328e-01  2.939281116150355e-04  3.888017668190023e-04 
 1.006000000000000e+00  1.248704571663290e+00  2.756477055249142e-03  2.231081247220681e-01 -5.512954283367092e-05 -7.623359863817980e-02  7.423546252673655e-01  2.957443908342714e-04  3.892754344691631e-04 
 1.008000000000000e+00  1.247339227788948e+00  2.763303774553051e-03  2.244641908281736e-01 -5.526607722110508e-05 -7.487590384159129e-02  7.392714606989748e-01  2.975672340709754e-04  3.897417424244398e-04 
 1.010000000000000e+00  1.245993355644071e+00  2.770033135208198e-03  2.258249443867409e-01 -5.540066443559277e-05 -7.351354482770731e-02  7.362085352991261e-01  2.993966880727141e-04  3.902006437649572e-04 
 1.012000000000000e+00  1.244667175229963e+00  2.776664037208056e-03  2.271904184450655e-01 -5.553328247700365e-05 -7.214648881133048e-02  7.331660742418707e-01  3.012328005371738e-04  3.906520905050959e-04 
 1.014000000000000e+00  1.243360909155523e+00  2.783195367508109e-03  2.285606467424201e-01 -5.566390908444765e-05 -7.077470231839667e-02  7.301443054326215e-01  3.030756201351901e-04  3.910960335676245e-04 
 1.016000000000000e+00  1.242074782704906e+00  2.789625999687564e-03  2.299356637269601e-01 -5.579252172950930e-05 -6.939815116915052e-02  7.271434595787557e-01  3.049251965345715e-04  3.915324227569273e-04 
 1.018000000000000e+00  1.240809023907297e+00  2.795954793600488e-03  2.313155045732176e-01 -5.591909760927023e-05 -6.801680046073427e-02  7.241637702624373e-01  3.067815804247488e-04  3.919612067312978e-04 
 1.020000000000000e+00  1.239563863608881e+00  2.802180595015935e-03  2.327002052002092e-01 -5.604361363911181e-05 -6.663061454916655e-02  7.212054740157500e-01  3.086448235422859e-04  3.923823329742521e-04 
 1.022000000000000e+00  1.238339535547109e+00  2.808302235246638e-03  2.340898022901837e-01 -5.616604644528901e-05 -6.523955703068279e-02  7.182688103982288e-01  3.105149786972894e-04  3.927957477648258e-04 
 1.024000000000000e+00  1.237136276427351e+00  2.814318530765730e-03  2.354843333080354e-01 -5.628637235726477e-05 -6.384359072241411e-02  7.153540220769052e-01  3.123920998007512e-04  3.932013961468073e-04 
 1.026000000000000e+00  1.235954326002034e+00  2.820228282811067e-03  2.368838365214111e-01 -5.640456739979652e-05 -6.244267764237424e-02  7.124613549089570e-01  3.142762418928671e-04  3.935992218968666e-04 
 1.028000000000000e+00  1.234793927152375e+00  2.826030276976539e-03  2.382883510215461e-01 -5.652060728476242e-05 -6.103677898872159e-02  7.095910580270849e-01  3.161674611723762e-04  3.939891674915231e-04 
 1.030000000000000e+00  1.233655325972822e+00  2.831723282789900e-03  2.396979167448509e-01 -5.663446740271773e-05 -5.962585511827337e-02  7.067433839277244e-01  3.180658150269563e-04  3.943711740729170e-04 
 1.032000000000000e+00  1.232538771858307e+00  2.837306053276461e-03  2.411125744952914e-01 -5.674612281416928e-05 -5.820986552422922e-02  7.039185885622187e-01  3.199713620647313e-04  3.947451814133144e-04 
 1.034000000000000e+00  1.231444517594455e+00  2.842777324508082e-03  2.425323659675925e-01 -5.685554824055443e-05 -5.678876881307585e-02  7.011169314310877e-01  3.218841621469349e-04  3.951111278783023e-04 
 1.036000000000000e+00  1.230372819450857e+00  2.848135815136802e-03  2.439573337713032e-01 -5.696271805491425e-05 -5.536252268063330e-02  6.983386756815139e-01  3.238042764217846e-04  3.954689503886091e-04 
 1.038000000000000e+00  1.229323937277552e+00  2.853380225912397e-03  2.453875214557596e-01 -5.706760627224476e-05 -5.393108388720647e-02  6.955840882082019e-01  3.257317673596136e-04  3.958185843804932e-04 
 1.040000000000000e+00  1.228298134604868e+00  2.858509239183218e-03  2.468229735359937e-01 -5.717018653951316e-05 -5.249440823179699e-02  6.928534397577586e-01  3.276666987893326e-04  3.961599637646259e-04 
 1.042000000000000e+00  1.227295678746752e+00  2.863521518379505e-03  2.482637355196204e-01 -5.727043212532467e-05 -5.105245052533802e-02  6.901470050367404e-01  3.296091359362621e-04  3.964930208834126e-04 
 1.044000000000000e+00  1.226316840907773e+00  2.868415707478399e-03  2.497098539347576e-01 -5.736831590922261e-05 -4.960516456290320e-02  6.874650628235509e-01  3.315591454614169e-04  3.968176864666673e-04 
 1.046000000000000e+00  1.225361896293951e+00  2.873190430449787e-03  2.511613763590252e-01 -5.746381037060485e-05 -4.815250309483957e-02  6.848078960843652e-01  3.335167955023021e-04  3.971338895855688e-04 
 1.048000000000000e+00  1.224431124227574e+00  2.877844290682198e-03  2.526183514496664e-01 -5.755688757724247e-05 -4.669441779678310e-02  6.821757920932355e-01  3.354821557152868e-04  3.974415576048246e-04 
 1.050000000000000e+00  1.223524808266238e+00  2.882375870387644e-03  2.540808289748580e-01 -5.764751917337611e-05 -4.523085923849129e-02  6.795690425566248e-01  3.374552973196437e-04  3.977406161329396e-04 
 1.052000000000000e+00  1.222643236326232e+00  2.886783729984652e-03  2.555488598462539e-01 -5.773567636737674e-05 -4.376177685144639e-02  6.769879437425206e-01  3.394362931433212e-04  3.980309889705191e-04 
 1.054000000000000e+00  1.221786700810559e+00  2.891066407458189e-03  2.570224961528298e-01 -5.782132991894397e-05 -4.228711889516407e-02  6.744327966144006e-01  3.414252176705394e-04  3.983125980564953e-04 
 1.056000000000000e+00  1.220955498741738e+00  2.895222417695645e-03  2.585017911960883e-01 -5.790445012582608e-05 -4.080683242214667e-02  6.719039069702257e-01  3.434221470912968e-04  3.985853634121845e-04 
 1.058000000000000e+00  1.220149931899669e+00  2.899250251797495e-03  2.599867995266931e-01 -5.798500681003300e-05 -3.932086324141393e-02  6.694015855867541e-01  3.454271593528810e-04  3.988492030830641e-04 
 1.060000000000000e+00  1.219370306964781e+00  2.903148376361578e-03  2.614775769826030e-01 -5.806296930352179e-05 -3.782915588053931e-02  6.669261483693991e-01  3.474403342134838e-04  3.991040330781582e-04 
 1.062000000000000e+00  1.218616935666737e+00  2.906915232739555e-03  2.629741807287813e-01 -5.813830643332624e-05 -3.633165354611961e-02  6.644779165079245e-01  3.494617532980259e-04  3.993497673069081e-04 
 1.064000000000000e+00  1.217890134938953e+00  2.910549236264318e-03  2.644766692985591e-01 -5.821098650610456e-05 -3.482829808259430e-02  6.620572166382529e-01  3.514915001563042e-04  3.995863175134067e-04 
 1.066000000000000e+00  1.217190227079248e+00  2.914048775446762e-03  2.659851026367395e-01 -5.828097729207514e-05 -3.331902992933500e-02  6.596643810107026e-01  3.535296603235781e-04  3.998135932078524e-04 
 1.068000000000000e+00  1.216517539916903e+00  2.917412211140447e-03  2.674995421445308e-01 -5.834824600830959e-05 -3.180378807591072e-02  6.572997476649761e-01  3.555763213837241e-04  4.000315015950853e-04 
 1.070000000000000e+00  1.215872406986486e+00  2.920637875672524e-03  2.690200507264027e-01 -5.841275930135132e-05 -3.028251001543986e-02  6.549636606122362e-01  3.576315730350871e-04  4.002399475000567e-04 
 1.072000000000000e+00  1.215255167708766e+00  2.923724071939115e-03  2.705466928389720e-01 -5.847448322912330e-05 -2.875513169592009e-02  6.526564700246495e-01  3.596955071591778e-04  4.004388332900566e-04 
 1.074000000000000e+00  1.214666167579104e+00  2.926669072463393e-03  2.720795345420192e-01 -5.853338324208952e-05 -2.722158746943715e-02  6.503785324327716e-01  3.617682178923600e-04  4.006280587935423e-04 
 1.076000000000000e+00  1.214105758363696e+00  2.929471118414355e-03  2.736186435517546e-01 -5.858942416363036e-05 -2.568181003913306e-02  6.481302109311935e-01  3.638498017006930e-04  4.008075212153762e-04 
 1.078000000000000e+00  1.213574298304106e+00  2.932128418584152e-03  2.751640892964574e-01 -5.864257016958932e-05 -2.413573040381162e-02  6.459118753928965e-01  3.659403574581009e-04  4.009771150482754e-04 
 1.080000000000000e+00  1.213072152330506e+00  2.934639148321906e-03  2.767159429746104e-01 -5.869278476694927e-05 -2.258327780005731e-02  6.437239026927544e-01  3.680399865280443e-04  4.011367319802757e-04 
 1.082000000000000e+00  1.212599692284119e+00  2.937001448421472e-03  2.782742776156791e-01 -5.874003077158802e-05 -2.102437964172349e-02  6.415666769407135e-01  3.701487928488985e-04  4.012862607979792e-04 
 1.084000000000000e+00  1.212157297149349e+00  2.939213423960801e-03  2.798391681436728e-01 -5.878427028506498e-05 -1.945896145664733e-02  6.394405897251556e-01  3.722668830232340e-04  4.014255872853533e-04 
 1.086000000000000e+00  1.211745353296156e+00  2.941273143090077e-03  2.814106914436552e-01 -5.882546467038430e-05 -1.788694682042896e-02  6.373460403670217e-01  3.743943664112331e-04  4.015545941178255e-04 
 1.088000000000000e+00  1.211364254733214e+00  2.943178635765891e-03  2.829889264313623e-01 -5.886357452667856e-05 -1.630825728711643e-02  6.352834361852808e-01  3.765313552284645e-04  4.016731607514139e-04 
 1.090000000000000e+00  1.211014403372501e+00  2.944927892428328e-03  2.845739541261170e-01 -5.889855966274984e-05 -1.472281231660666e-02  6.332531927744143e-01  3.786779646482785e-04  4.017811633065944e-04 
 1.092000000000000e+00  1.210696209305939e+00  2.946518862617750e-03  2.861658577272258e-01 -5.893037906940604e-05 -1.313052919857916e-02  6.312557342945637e-01  3.808343129090870e-04  4.018784744466055e-04 
 1.094000000000000e+00  1.210410091094803e+00  2.947949453527752e-03  2.877647226940675e-01 -5.895899089051963e-05 -1.153132297275333e-02  6.292914937751141e-01  3.830005214268192e-04  4.019649632498580e-04 
 1.096000000000000e+00  1.210156476072630e+00  2.949217528490619e-03  2.893706368300918e-01 -5.898435239273692e-05 -9.925106345251344e-03  6.273609134324658e-01  3.851767149128581e-04  4.020404950760983e-04 
 1.098000000000000e+00  1.209935800662430e+00  2.950320905391277e-03  2.909836903709647e-01 -5.900641993375693e-05 -8.311789600831787e-03  6.254644450028487e-01  3.873630214977924e-04  4.021049314259483e-04 
 1.100000000000000e+00  1.209748510709049e+00  2.951257355005454e-03  2.926039760771136e-01 -5.902514892909503e-05 -6.691280510741526e-03  6.236025500910721e-01  3.895595728613353e-04  4.021581297934176e-04 
 1.102000000000000e+00  1.209595061827612e+00  2.952024599257494e-03  2.942315893309451e-01 -5.904049381723873e-05 -5.063484235913962e-03  6.217757005361848e-01  3.917665043687949e-04  4.021999435109484e-04 
 1.104000000000000e+00  1.209475919769004e+00  2.952620309392949e-03  2.958666282390228e-01 -5.905240802309950e-05 -3.428303225227913e-03  6.199843787950569e-01  3.939839552144958e-04  4.022302215865384e-04 
 1.106000000000000e+00  1.209391560803463e+00  2.953042104060589e-03  2.975091937395251e-01 -5.906084391965362e-05 -1.785637108507709e-03  6.182290783450125e-01  3.962120685726045e-04  4.022488085324254e-04 
 1.108000000000000e+00  1.209342472123408e+00  2.953287547298280e-03  2.991593897153145e-01 -5.906575278765913e-05 -1.353825839353617e-04  6.165103041067002e-01  3.984509917558178e-04  4.022555441848063e-04 
 1.110000000000000e+00  1.209313991367118e+00  2.953429950915672e-03  3.008141393402879e-01 -5.906860086328813e-05  1.519401010429078e-03  6.148127754938857e-01  3.986524817986628e-04  4.022553553334873e-04 
 1.112000000000000e+00  1.209285626296374e+00  2.953571776105299e-03  3.024691397801536e-01 -5.907143737036253e-05  3.174435281702692e-03  6.131151391819689e-01  3.986718616040729e-04  4.022551254006576e-04 
 1.114000000000000e+00  1.209257257432094e+00  2.953713620262585e-03  3.041243654698139e-01 -5.907427425679048e-05  4.829694807291840e-03  6.114172711423189e-01  3.986912440244315e-04  4.022548945314395e-04 
 1.116000000000000e+00  1.209228884781428e+00  2.953855483351781e-03  3.057798159831968e-01 -5.907711152185710e-05  6.485179161116406e-03  6.097191718604831e-01  3.987106290547386e-04  4.022546626583288e-04 
 1.118000000000000e+00  1.209200508352372e+00  2.953997365332903e-03  3.074354908552809e-01 -5.907994916476276e-05  8.140887878145098e-03  6.080208418131335e-01  3.987300166895398e-04  4.022544297809555e-04 
 1.120000000000000e+00  1.209172128152897e+00  2.954139266166098e-03  3.090913896226141e-01 -5.908278718471019e-05  9.796820494916647e-03  6.063222814753063e-01  3.987494069233988e-04  4.022541958989917e-04 
 1.122000000000000e+00  1.209143744190945e+00  2.954281185811653e-03  3.107475118233312e-01 -5.908562558090542e-05  1.145297654955624e-02  6.046234913204046e-01  3.987687997508982e-04  4.022539610121104e-04 
 1.124000000000000e+00  1.209115356474431e+00  2.954423124229997e-03  3.124038569971464e-01 -5.908846435255681e-05  1.310935558176868e-02  6.029244718202161e-01  3.987881951666392e-04  4.022537251199853e-04 
 1.126000000000000e+00  1.209086965011246e+00  2.954565081381679e-03  3.140604246853459e-01 -5.909130349887534e-05  1.476595713283063e-02  6.012252234449178e-01  3.988075931652410e-04  4.022534882222899e-04 
 1.128000000000000e+00  1.209058569809248e+00  2.954707057227397e-03  3.157172144307793e-01 -5.909414301907514e-05  1.642278074558251e-02  5.995257466630778e-01  3.988269937413416e-04  4.022532503187005e-04 
 1.130000000000000e+00  1.209030170876275e+00  2.954849051727973e-03  3.173742257778540e-01 -5.909698291237247e-05  1.807982596442193e-02  5.978260419416739e-01  3.988463968895973e-04  4.022530114088919e-04 
 1.132000000000000e+00  1.209001768220133e+00  2.954991064844367e-03  3.190314582725258e-01 -5.909982317798659e-05  1.973709233529591e-02  5.961261097460913e-01  3.988658026046820e-04  4.022527714925412e-04 
 1.134000000000000e+00  1.208973361848606e+00  2.955133096537673e-03  3.206889114622927e-01 -5.910266381513935e-05  2.139457940569306e-02  5.944259505401348e-01  3.988852108812878e-04  4.022525305693260e-04 
 1.136000000000000e+00  1.208944951769447e+00  2.955275146769108e-03  3.223465848961878e-01 -5.910550482305524e-05  2.305228672463688e-02  5.927255647860362e-01  3.989046217141258e-04  4.022522886389240e-04 
 1.138000000000000e+00  1.208916537990387e+00  2.955417215500033e-03  3.240044781247706e-01 -5.910834620096125e-05  2.471021384267813e-02  5.910249529444612e-01  3.989240350979233e-04  4.022520457010148e-04 
 1.140000000000000e+00  1.208888120519127e+00  2.955559302691930e-03  3.256625907001210e-01 -5.911118794808718e-05  2.636836031188727e-02  5.893241154745162e-01  3.989434510274269e-04  4.022518017552789e-04 
 1.142000000000000e+00  1.208859699363346e+00  2.955701408306412e-03  3.273209221758328e-01 -5.911403006366529e-05  2.802672568584874e-02  5.876230528337566e-01  3.989628694974003e-04  4.022515568013956e-04 
 1.144000000000000e+00  1.208831274530696e+00  2.955843532305225e-03  3.289794721070047e-01 -5.911687254693035e-05  2.968530951965259e-02  5.859217654781951e-01  3.989822905026248e-04  4.022513108390462e-04 
 1.146000000000000e+00  1.208802846028799e+00  2.955985674650247e-03  3.306382400502336e-01 -5.911971539712000e-05  3.134411136988624e-02  5.842202538623041e-01  3.990017140378996e-04  4.022510638679140e-04 
 1.148000000000000e+00  1.208774413865256e+00  2.956127835303467e-03  3.322972255636089e-01 -5.912255861347431e-05  3.300313079462996e-02  5.825185184390287e-01  3.990211400980412e-04  4.022508158876812e-04 
 1.150000000000000e+00  1.208745978047643e+00  2.956270014227026e-03  3.339564282067043e-01 -5.912540219523561e-05  3.466236735344880e-02  5.808165596597942e-01  3.990405686778831e-04  4.022505668980313e-04 
 1.152000000000000e+00  1.208717538583508e+00  2.956412211383173e-03  3.356158475405709e-01 -5.912824614164909e-05  3.632182060738470e-02  5.791143779745073e-01  3.990599997722769e-04  4.022503168986490e-04 
 1.154000000000000e+00  1.208689095480374e+00  2.956554426734296e-03  3.372754831277304e-01 -5.913109045196250e-05  3.798149011895025e-02  5.774119738315666e-01  3.990794333760911e-04  4.022500658892194e-04 
 1.156000000000000e+00  1.208660648745739e+00  2.956696660242900e-03  3.389353345321689e-01 -5.913393512542602e-05  3.964137545212276e-02  5.757093476778709e-01  3.990988694842112e-04  4.022498138694285e-04 
 1.158000000000000e+00  1.208632198387077e+00  2.956838911871611e-03  3.405954013193287e-01 -5.913678016129217e-05  4.130147617233554e-02  5.740064999588258e-01  3.991183080915399e-04  4.022495608389629e-04 
 1.160000000000000e+00  1.208603744411838e+00  2.956981181583196e-03  3.422556830561028e-01 -5.913962555881614e-05  4.296179184647264e-02  5.723034311183495e-01  3.991377491929970e-04  4.022493067975098e-04 
 1.162000000000000e+00  1.208575286827442e+00  2.957123469340535e-03  3.439161793108272e-01 -5.914247131725570e-05  4.462232204286137e-02  5.706001415988776e-01  3.991571927835190e-04  4.022490517447575e-04 
 1.164000000000000e+00  1.208546825641292e+00  2.957265775106632e-03  3.455768896532745e-01 -5.914531743587072e-05  4.628306633126533e-02  5.688966318413775e-01  3.991766388580597e-04  4.022487956803950e-04 
 1.166000000000000e+00  1.208518360860758e+00  2.957408098844618e-03  3.472378136546470e-01 -5.914816391392408e-05  4.794402428287819e-02  5.671929022853444e-01  3.991960874115889e-04  4.022485386041127e-04 
 1.168000000000000e+00  1.208489892493195e+00  2.957550440517735e-03  3.488989508875714e-01 -5.915101075068046e-05  4.960519547031789e-02  5.654889533688205e-01  3.992155384390939e-04  4.022482805155992e-04 
 1.170000000000000e+00  1.208461420545926e+00  2.957692800089362e-03  3.505603009260900e-01 -5.915385794540735e-05  5.126657946761776e-02  5.637847855283914e-01  3.992349919355782e-04  4.022480214145470e-04 
 1.172000000000000e+00  1.208432945026251e+00  2.957835177522992e-03  3.522218633456551e-01 -5.915670549737484e-05  5.292817585022164e-02  5.620803991991955e-01  3.992544478960617e-04  4.022477613006477e-04 
 1.174000000000000e+00  1.208404465941451e+00  2.957977572782232e-03  3.538836377231238e-01 -5.915955340585481e-05  5.458998419497779e-02  5.603757948149377e-01  3.992739063155812e-04  4.022475001735930e-04 
 1.176000000000000e+00  1.208375983298774e+00  2.958119985830826e-03  3.555456236367486e-01 -5.916240167012250e-05  5.625200408013004e-02  5.586709728078808e-01  3.992933671891896e-04  4.022472380330776e-04 
 1.178000000000000e+00  1.208347497105455e+00  2.958262416632621e-03  3.572078206661743e-01 -5.916525028945438e-05  5.791423508531474e-02  5.569659336088736e-01  3.993128305119559e-04  4.022469748787943e-04 
 1.180000000000000e+00  1.208319007368695e+00  2.958404865151590e-03  3.588702283924287e-01 -5.916809926313038e-05  5.957667679155088e-02  5.552606776473343e-01  3.993322962789658e-04  4.022467107104382e-04 
 1.182000000000000e+00  1.208290514095678e+00  2.958547331351829e-03  3.605328463979177e-01 -5.917094859043208e-05  6.123932878123595e-02  5.535552053512754e-01  3.993517644853210e-04  4.022464455277054e-04 
 1.184000000000000e+00  1.208262017293564e+00  2.958689815197536e-03  3.621956742664197e-01 -5.917379827064349e-05  6.290219063813979e-02  5.518495171473029e-01  3.993712351261388e-04  4.022461793302909e-04 
 1.186000000000000e+00  1.208233516969484e+00  2.958832316653043e-03  3.638587115830769e-01 -5.917664830305152e-05  6.456526194739604e-02  5.501436134606166e-01  3.993907081965532e-04  4.022459121178921e-04 
 1.188000000000000e+00  1.208205013130553e+00  2.958974835682793e-03  3.655219579343913e-01 -5.917949868694461e-05  6.622854229549818e-02  5.484374947150311e-01  3.994101836917138e-04  4.022456438902068e-04 
 1.190000000000000e+00  1.208176505783856e+00  2.959117372251345e-03  3.671854129082172e-01 -5.918234942161429e-05  6.789203127029214e-02  5.467311613329668e-01  3.994296616067861e-04  4.022453746469331e-04 
 1.192000000000000e+00  1.208147994936461e+00  2.959259926323373e-03  3.688490760937554e-01 -5.918520050635383e-05  6.955572846097047e-02  5.450246137354686e-01  3.994491419369512e-04  4.022451043877703e-04 
 1.194000000000000e+00  1.208119480595409e+00  2.959402497863661e-03  3.705129470815483e-01 -5.918805194045898e-05  7.121963345806681e-02  5.433178523422054e-01  3.994686246774067e-04  4.022448331124167e-04 
 1.196000000000000e+00  1.208090962767718e+00  2.959545086837123e-03  3.721770254634701e-01 -5.919090372322811e-05  7.288374585344726e-02  5.416108775714743e-01  3.994881098233644e-04  4.022445608205746e-04 
 1.198000000000000e+00  1.208062441460387e+00  2.959687693208771e-03  3.738413108327259e-01 -5.919375585396125e-05  7.454806524030827e-02  5.399036898402173e-01  3.995075973700533e-04  4.022442875119437e-04 
 1.200000000000000e+00  1.208033916680387e+00  2.959830316943739e-03  3.755058027838411e-01 -5.919660833196123e-05  7.621259121316709e-02  5.381962895640150e-01  3.995270873127168e-04  4.022440131862260e-04 
 1.202000000000000e+00  1.208005388434670e+00  2.959972958007272e-03  3.771705009126576e-01 -5.919946115653294e-05  7.787732336785758e-02  5.364886771571007e-01  3.995465796466137e-04  4.022437378431245e-04 
 1.204000000000000e+00  1.207976856730163e+00  2.960115616364728e-03  3.788354048163279e-01 -5.920231432698366e-05  7.954226130152364e-02  5.347808530323626e-01  3.995660743670193e-04  4.022434614823419e-04 
 1.206000000000000e+00  1.207948321573775e+00  2.960258291981575e-03  3.805005140933085e-01 -5.920516784262242e-05  8.120740461261350e-02  5.330728176013568e-01  3.995855714692230e-04  4.022431841035818e-04 
 1.208000000000000e+00  1.207919782972388e+00  2.960400984823395e-03  3.821658283433537e-01 -5.920802170276111e-05  8.287275290087348e-02  5.313645712743016e-01  3.996050709485296e-04  4.022429057065494e-04 
 1.210000000000000e+00  1.207891240932863e+00  2.960543694855887e-03  3.838313471675108e-01 -5.921087590671364e-05  8.453830576734256e-02  5.296561144600923e-01  3.996245728002599e-04  4.022426262909495e-04 
 1.212000000000000e+00  1.207862695462042e+00  2.960686422044842e-03  3.854970701681138e-01 -5.921373045379576e-05  8.620406281434673e-02  5.279474475663084e-01  3.996440770197485e-04  4.022423458564875e-04 
 1.214000000000000e+00  1.207834146566738e+00  2.960829166356181e-03  3.871629969487770e-01 -5.921658534332609e-05  8.787002364549201e-02  5.262385709992095e-01  3.996635836023460e-04  4.022420644028702e-04 
 1.216000000000000e+00  1.207805594253751e+00  2.960971927755922e-03  3.888291271143900e-01 -5.921944057462479e-05  8.953618786565987e-02  5.245294851637545e-01  3.996830925434179e-04  4.022417819298050e-04 
 1.218000000000000e+00  1.207777038529852e+00  2.961114706210202e-03  3.904954602711114e-01 -5.922229614701469e-05  9.120255508100089e-02  5.228201904635953e-01  3.997026038383440e-04  4.022414984370000e-04 
 1.220000000000000e+00  1.207748479401794e+00  2.961257501685258e-03  3.921619960263636e-01 -5.922515205982048e-05  9.286912489892957e-02  5.211106873010918e-01  3.997221174825192e-04  4.022412139241633e-04 
 1.222000000000000e+00  1.207719916876308e+00  2.961400314147436e-03  3.938287339888273e-01 -5.922800831236917e-05  9.453589692811826e-02  5.194009760773128e-01  3.997416334713536e-04  4.022409283910035e-04 
 1.224000000000000e+00  1.207691350960100e+00  2.961543143563193e-03  3.954956737684345e-01 -5.923086490398987e-05  9.620287077849121e-02  5.176910571920422e-01  3.997611518002711e-04  4.022406418372316e-04 
 1.226000000000000e+00  1.207662781659861e+00  2.961685989899096e-03  3.971628149763646e-01 -5.923372183401378e-05  9.787004606121963e-02  5.159809310437877e-01  3.997806724647112e-04  4.022403542625577e-04 
 1.228000000000000e+00  1.207634208982256e+00  2.961828853121811e-03  3.988301572250380e-01 -5.923657910177436e-05  9.953742238871616e-02  5.142705980297824e-01  3.998001954601269e-04  4.022400656666925e-04 
 1.230000000000000e+00  1.207605632933927e+00  2.961971733198118e-03  4.004977001281100e-01 -5.923943670660720e-05  1.012049993746282e-01  5.125600585459916e-01  3.998197207819867e-04  4.022397760493485e-04 
 1.232000000000000e+00  1.207577053521502e+00  2.962114630094889e-03  4.021654433004672e-01 -5.924229464784974e-05  1.028727766338343e-01  5.108493129871238e-01  3.998392484257729e-04  4.022394854102374e-04 
 1.234000000000000e+00  1.207548470751581e+00  2.962257543779120e-03  4.038333863582196e-01 -5.924515292484182e-05  1.045407537824367e-01  5.091383617466270e-01  3.998587783869820e-04  4.022391937490728e-04 
 1.236000000000000e+00  1.207519884630746e+00  2.962400474217900e-03  4.055015289186966e-01 -5.924801153692526e-05  1.062089304377567e-01  5.074272052167016e-01  3.998783106611256e-04  4.022389010655686e-04 
 1.238000000000000e+00  1.207491295165559e+00  2.962543421378419e-03  4.071698706004414e-01 -5.925087048344406e-05  1.078773062183301e-01  5.057158437883020e-01  3.998978452437288e-04  4.022386073594390e-04 
 1.240000000000000e+00  1.207462702362558e+00  2.962686385227986e-03  4.088384110232057e-01 -5.925372976374414e-05  1.095458807439004e-01  5.040042778511452e-01  3.999173821303313e-04  4.022383126303989e-04 
 1.242000000000000e+00  1.207434106228265e+00  2.962829365733998e-03  4.105071498079441e-01 -5.925658937717337e-05  1.112146536354146e-01  5.022925077937160e-01  3.999369213164865e-04  4.022380168781637e-04 
 1.244000000000000e+00  1.207405506769178e+00  2.962972362863962e-03  4.121760865768080e-01 -5.925944932308214e-05  1.128836245150163e-01  5.005805340032663e-01  3.999564627977622e-04  4.022377201024509e-04 
 1.246000000000000e+00  1.207376903991774e+00  2.963115376585487e-03  4.138452209531423e-01 -5.926230960082255e-05  1.145527930060427e-01  4.988683568658291e-01  3.999760065697400e-04  4.022374223029766e-04 
 1.248000000000000e+00  1.207348297902512e+00  2.963258406866284e-03  4.155145525614788e-01 -5.926517020974869e-05  1.162221587330181e-01  4.971559767662204e-01  3.999955526280152e-04  4.022371234794576e-04 
 1.250000000000000e+00  1.207319688507831e+00  2.963401453674164e-03  4.171840810275302e-01 -5.926803114921686e-05  1.178917213216471e-01  4.954433940880424e-01  4.000151009681978e-04  4.022368236316136e-04 
 1.252000000000000e+00  1.207291075814145e+00  2.963544516977037e-03  4.188538059781869e-01 -5.927089241858538e-05  1.195614803988127e-01  4.937306092136913e-01  4.000346515859105e-04  4.022365227591627e-04 
 1.254000000000000e+00  1.207262459827853e+00  2.963687596742921e-03  4.205237270415096e-01 -5.927375401721459e-05  1.212314355925681e-01  4.920176225243618e-01  4.000542044767904e-04  4.022362208618250e-04 
 1.256000000000000e+00  1.207233840555336e+00  2.963830692939927e-03  4.221938438467271e-01 -5.927661594446636e-05  1.229015865321342e-01  4.903044344000576e-01  4.000737596364881e-04  4.022359179393193e-04 
 1.258000000000000e+00  1.207205218002944e+00  2.963973805536271e-03  4.238641560242274e-01 -5.927947819970551e-05  1.245719328478916e-01  4.885910452195814e-01  4.000933170606682e-04  4.022356139913675e-04 
 1.260000000000000e+00  1.207176592177020e+00  2.964116934500266e-03  4.255346632055563e-01 -5.928234078229795e-05  1.262424741713783e-01  4.868774553605604e-01  4.001128767450080e-04  4.022353090176901e-04 
 1.262000000000000e+00  1.207147963083879e+00  2.964260079800320e-03  4.272053650234093e-01 -5.928520369161202e-05  1.279132101352827e-01  4.851636651994362e-01  4.001324386851991e-04  4.022350030180096e-04 
 1.264000000000000e+00  1.207119330729820e+00  2.964403241404948e-03  4.288762611116284e-01 -5.928806692701796e-05  1.295841403734388e-01  4.834496751114767e-01  4.001520028769462e-04  4.022346959920490e-04 
 1.266000000000000e+00  1.207090695121120e+00  2.964546419282754e-03  4.305473511051973e-01 -5.929093048788787e-05  1.312552645208233e-01  4.817354854707802e-01  4.001715693159672e-04  4.022343879395303e-04 
 1.268000000000000e+00  1.207062056264041e+00  2.964689613402448e-03  4.322186346402350e-01 -5.929379437359581e-05  1.329265822135473e-01  4.800210966502803e-01  4.001911379979937e-04  4.022340788601774e-04 
 1.270000000000000e+00  1.207033414164821e+00  2.964832823732829e-03  4.338901113539919e-01 -5.929665858351785e-05  1.345980930888540e-01  4.783065090217500e-01  4.002107089187705e-04  4.022337687537149e-04 
 1.272000000000000e+00  1.207004768829677e+00  2.964976050242800e-03  4.355617808848437e-01 -5.929952311703220e-05  1.362697967851116e-01  4.765917229558054e-01  4.002302820740553e-04  4.022334576198688e-04 
 1.274000000000000e+00  1.206976120264811e+00  2.965119292901359e-03  4.372336428722889e-01 -5.930238797351876e-05  1.379416929418112e-01  4.748767388219155e-01  4.002498574596195e-04  4.022331454583634e-04 
 1.276000000000000e+00  1.206947468476408e+00  2.965262551677596e-03  4.389056969569414e-01 -5.930525315235914e-05  1.396137811995595e-01  4.731615569884066e-01  4.002694350712466e-04  4.022328322689254e-04 
 1.278000000000000e+00  1.206918813470628e+00  2.965405826540700e-03  4.405779427805269e-01 -5.930811865293711e-05  1.412860612000745e-01  4.714461778224625e-01  4.002890149047345e-04  4.022325180512815e-04 
 1.280000000000000e+00  1.206890155253614e+00  2.965549117459949e-03  4.422503799858781e-01 -5.931098447463854e-05  1.429585325861818e-01  4.697306016901297e-01  4.003085969558930e-04  4.022322028051590e-04 
 1.282000000000000e+00  1.206861493831489e+00  2.965692424404726e-03  4.439230082169289e-01 -5.931385061685100e-05  1.446311950018080e-01  4.680148289563277e-01  4.003281812205451e-04  4.022318865302865e-04 
 1.284000000000000e+00  1.206832829210363e+00  2.965835747344505e-03  4.455958271187120e-01 -5.931671707896360e-05  1.463040480919786e-01  4.662988599848534e-01  4.003477676945268e-04  4.022315692263916e-04 
 1.286000000000000e+00  1.206804161396319e+00  2.965979086248845e-03  4.472688363373509e-01 -5.931958386036804e-05  1.479770915028095e-01  4.645826951383768e-01  4.003673563736870e-04  4.022312508932042e-04 
 1.288000000000000e+00  1.206775490395426e+00  2.966122441087410e-03  4.489420355200582e-01 -5.932245096045728e-05  1.496503248815063e-01  4.628663347784587e-01  4.003869472538872e-04  4.022309315304533e-04 
 1.290000000000000e+00  1.206746816213737e+00  2.966265811829946e-03  4.506154243151290e-01 -5.932531837862622e-05  1.513237478763568e-01  4.611497792655479e-01  4.004065403310015e-04  4.022306111378694e-04 
 1.292000000000000e+00  1.206718138857278e+00  2.966409198446304e-03  4.522890023719367e-01 -5.932818611427210e-05  1.529973601367275e-01  4.594330289589831e-01  4.004261356009167e-04  4.022302897151838e-04 
 1.294000000000000e+00  1.206689458332065e+00  2.966552600906425e-03  4.539627693409285e-01 -5.933105416679345e-05  1.546711613130581e-01  4.577160842170069e-01  4.004457330595322e-04  4.022299672621285e-04 
 1.296000000000000e+00  1.206660774644090e+00  2.966696019180327e-03  4.556367248736218e-01 -5.933392253559095e-05  1.563451510568590e-01  4.559989453967628e-01  4.004653327027603e-04  4.022296437784346e-04 
 1.298000000000000e+00  1.206632087799329e+00  2.966839453238140e-03  4.573108686225977e-01 -5.933679122006701e-05  1.580193290207041e-01  4.542816128543035e-01  4.004849345265251e-04  4.022293192638351e-04 
 1.300000000000000e+00  1.206603397803740e+00  2.966982903050074e-03  4.589852002414979e-01 -5.933966021962589e-05  1.596936948582279e-01  4.525640869445940e-01  4.005045385267639e-04  4.022289937180631e-04 
 1.302000000000000e+00  1.206574704663265e+00  2.967126368586426e-03  4.606597193850196e-01 -5.934252953367338e-05  1.613682482241207e-01  4.508463680215203e-01  4.005241446994256e-04  4.022286671408522e-04 
 1.304000000000000e+00  1.206546008383823e+00  2.967269849817592e-03  4.623344257089105e-01 -5.934539916161765e-05  1.630429887741229e-01  4.491284564378846e-01  4.005437530404723e-04  4.022283395319375e-04 
 1.306000000000000e+00  1.206517308971316e+00  2.967413346714059e-03  4.640093188699659e-01 -5.934826910286834e-05  1.647179161650231e-01  4.474103525454191e-01  4.005633635458772e-04  4.022280108910536e-04 
 1.308000000000000e+00  1.206488606431633e+00  2.967556859246395e-03  4.656843985260229e-01 -5.935113935683660e-05  1.663930300546512e-01  4.456920566947903e-01  4.005829762116267e-04  4.022276812179355e-04 
 1.310000000000000e+00  1.206459900770639e+00  2.967700387385260e-03  4.673596643359562e-01 -5.935400992293600e-05  1.680683301018748e-01  4.439735692355944e-01  4.006025910337194e-04  4.022273505123194e-04 
 1.312000000000000e+00  1.206431191994186e+00  2.967843931101405e-03  4.690351159596733e-01 -5.935688080058132e-05  1.697438159665945e-01  4.422548905163732e-01  4.006222080081653e-04  4.022270187739426e-04 
 1.314000000000000e+00  1.206402480108105e+00  2.967987490365675e-03  4.707107530581116e-01 -5.935975198918940e-05  1.714194873097409e-01  4.405360208846113e-01  4.006418271309868e-04  4.022266860025420e-04 
 1.316000000000000e+00  1.206373765118212e+00  2.968131065148987e-03  4.723865752932331e-01 -5.936262348817876e-05  1.730953437932689e-01  4.388169606867426e-01  4.006614483982185e-04  4.022263521978549e-04 
 1.318000000000000e+00  1.206345047030302e+00  2.968274655422363e-03  4.740625823280190e-01 -5.936549529696975e-05  1.747713850801527e-01  4.370977102681545e-01  4.006810718059069e-04  4.022260173596202e-04 
 1.320000000000000e+00  1.206316325850157e+00  2.968418261156896e-03  4.757387738264677e-01 -5.936836741498425e-05  1.764476108343840e-01  4.353782699731948e-01  4.007006973501104e-04  4.022256814875760e-04 
 1.322000000000000e+00  1.206287601583536e+00  2.968561882323786e-03  4.774151494535883e-01 -5.937123984164631e-05  1.781240207209648e-01  4.336586401451699e-01  4.007203250268990e-04  4.022253445814628e-04 
 1.324000000000000e+00  1.206258874236187e+00  2.968705518894304e-03  4.790917088753981e-01 -5.937411257638126e-05  1.798006144059059e-01  4.319388211263572e-01  4.007399548323547e-04  4.022250066410196e-04 
 1.326000000000000e+00  1.206230143813837e+00  2.968849170839805e-03  4.807684517589171e-01 -5.937698561861622e-05  1.814773915562203e-01  4.302188132580047e-01  4.007595867625712e-04  4.022246676659873e-04 
 1.328000000000000e+00  1.206201410322197e+00  2.968992838131743e-03  4.824453777721642e-01 -5.937985896778023e-05  1.831543518399199e-01  4.284986168803346e-01  4.007792208136543e-04  4.022243276561070e-04 
 1.330000000000000e+00  1.206172673766958e+00  2.969136520741649e-03  4.841224865841533e-01 -5.938273262330415e-05  1.848314949260118e-01  4.267782323325480e-01  4.007988569817212e-04  4.022239866111202e-04 
 1.332000000000000e+00  1.206143934153799e+00  2.969280218641141e-03  4.857997778648889e-01 -5.938560658462002e-05  1.865088204844942e-01  4.250576599528348e-01  4.008184952629002e-04  4.022236445307691e-04 
 1.334000000000000e+00  1.206115191488379e+00  2.969423931801919e-03  4.874772512853620e-01 -5.938848085116197e-05  1.881863281863507e-01  4.233369000783700e-01  4.008381356533321e-04  4.022233014147961e-04 
 1.336000000000000e+00  1.206086445776340e+00  2.969567660195775e-03  4.891549065175455e-01 -5.939135542236594e-05  1.898640177035479e-01  4.216159530453200e-01  4.008577781491686e-04  4.022229572629448e-04 
 1.338000000000000e+00  1.206057697023310e+00  2.969711403794576e-03  4.908327432343907e-01 -5.939423029766892e-05  1.915418887090304e-01  4.198948191888539e-01  4.008774227465728e-04  4.022226120749597e-04 
 1.340000000000000e+00  1.206028945234894e+00  2.969855162570277e-03  4.925107611098240e-01 -5.939710547651052e-05  1.932199408767179e-01  4.181734988431339e-01  4.008970694417197e-04  4.022222658505824e-04 
 1.342000000000000e+00  1.206000190416689e+00  2.969998936494917e-03  4.941889598187401e-01 -5.939998095833098e-05  1.948981738814982e-01  4.164519923413361e-01  4.009167182307954e-04  4.022219185895607e-04 
 1.344000000000000e+00  1.205971432574265e+00  2.970142725540624e-03  4.958673390370005e-01 -5.940285674257344e-05  1.965765873992261e-01  4.147303000156350e-01  4.009363691099975e-04  4.022215702916393e-04 
 1.346000000000000e+00  1.205942671713187e+00  2.970286529679586e-03  4.975458984414300e-01 -5.940573282868121e-05  1.982551811067201e-01  4.130084221972330e-01  4.009560220755347e-04  4.022212209565625e-04 
 1.348000000000000e+00  1.205913907838994e+00  2.970430348884105e-03  4.992246377098093e-01 -5.940860921610050e-05  1.999339546817541e-01  4.112863592163372e-01  4.009756771236265e-04  4.022208705840786e-04 
 1.350000000000000e+00  1.205885140957214e+00  2.970574183126539e-03  5.009035565208741e-01 -5.941148590427851e-05  2.016129078030573e-01  4.095641114021831e-01  4.009953342505047e-04  4.022205191739344e-04 
 1.352000000000000e+00  1.205856371073358e+00  2.970718032379344e-03  5.025826545543115e-01 -5.941436289266413e-05  2.032920401503100e-01  4.078416790830325e-01  4.010149934524111e-04  4.022201667258754e-04 
 1.354000000000000e+00  1.205827598192917e+00  2.970861896615050e-03  5.042619314907523e-01 -5.941724018070827e-05  2.049713514041367e-01  4.061190625861714e-01  4.010346547255994e-04  4.022198132396517e-04 
 1.356000000000000e+00  1.205798822321369e+00  2.971005775806268e-03  5.059413870117707e-01 -5.942011776786298e-05  2.066508412461051e-01  4.043962622379252e-01  4.010543180663339e-04  4.022194587150116e-04 
 1.358000000000000e+00  1.205770043464178e+00  2.971149669925688e-03  5.076210207998801e-01 -5.942299565358211e-05  2.083305093587219e-01  4.026732783636553e-01  4.010739834708900e-04  4.022191031517035e-04 
 1.360000000000000e+00  1.205741261626788e+00  2.971293578946087e-03  5.093008325385278e-01 -5.942587383732107e-05  2.100103554254278e-01  4.009501112877655e-01  4.010936509355543e-04  4.022187465494765e-04 
 1.362000000000000e+00  1.205712476814629e+00  2.971437502840318e-03  5.109808219120908e-01 -5.942875231853699e-05  2.116903791305937e-01  3.992267613337035e-01  4.011133204566239e-04  4.022183889080817e-04 
 1.364000000000000e+00  1.205683689033113e+00  2.971581441581310e-03  5.126609886058742e-01 -5.943163109668866e-05  2.133705801595179e-01  3.975032288239664e-01  4.011329920304074e-04  4.022180302272694e-04 
 1.366000000000000e+00  1.205654898287638e+00  2.971725395142079e-03  5.143413323061056e-01 -5.943451017123614e-05  2.150509581984218e-01  3.957795140801079e-01  4.011526656532231e-04  4.022176705067904e-04 
 1.368000000000000e+00  1.205626104583588e+00  2.971869363495710e-03  5.160218526999319e-01 -5.943738954164112e-05  2.167315129344458e-01  3.940556174227384e-01  4.011723413214015e-04  4.022173097463964e-04 
 1.370000000000000e+00  1.205597307926325e+00  2.972013346615383e-03  5.177025494754155e-01 -5.944026920736740e-05  2.184122440556457e-01  3.923315391715250e-01  4.011920190312827e-04  4.022169479458397e-04 
 1.372000000000000e+00  1.205568508321203e+00  2.972157344474337e-03  5.193834223215302e-01 -5.944314916787961e-05  2.200931512509893e-01  3.906072796452064e-01  4.012116987792181e-04  4.022165851048729e-04 
 1.374000000000000e+00  1.205539705773555e+00  2.972301357045902e-03  5.210644709281582e-01 -5.944602942264440e-05  2.217742342103520e-01  3.888828391615858e-01  4.012313805615694e-04  4.022162212232491e-04 
 1.376000000000000e+00  1.205510900288700e+00  2.972445384303484e-03  5.227456949860856e-01 -5.944890997112991e-05  2.234554926245139e-01  3.871582180375407e-01  4.012510643747091e-04  4.022158563007223e-04 
 1.378000000000000e+00  1.205482091871943e+00  2.972589426220556e-03  5.244270941869997e-01 -5.945179081280560e-05  2.251369261851559e-01  3.854334165890261e-01  4.012707502150203e-04  4.022154903370458e-04 
 1.380000000000000e+00  1.205453280528573e+00  2.972733482770684e-03  5.261086682234843e-01 -5.945467194714263e-05  2.268185345848554e-01  3.837084351310770e-01  4.012904380788967e-04  4.022151233319744e-04 
 1.382000000000000e+00  1.205424466263861e+00  2.972877553927497e-03  5.277904167890163e-01 -5.945755337361380e-05  2.285003175170829e-01  3.819832739778102e-01  4.013101279627421e-04  4.022147552852637e-04 
 1.384000000000000e+00  1.205395649083065e+00  2.973021639664716e-03  5.294723395779622e-01 -5.946043509169339e-05  2.301822746761991e-01  3.802579334424318e-01  4.013298198629709e-04  4.022143861966692e-04 
 1.386000000000000e+00  1.205366828991429e+00  2.973165739956121e-03  5.311544362855748e-01 -5.946331710085706e-05  2.318644057574499e-01  3.785324138372401e-01  4.013495137760082e-04  4.022140160659473e-04 
 1.388000000000000e+00  1.205338005994179e+00  2.973309854775572e-03  5.328367066079899e-01 -5.946619940058201e-05  2.335467104569654e-01  3.768067154736288e-01  4.013692096982887e-04  4.022136448928534e-04 
 1.390000000000000e+00  1.205309180096528e+00  2.973453984097018e-03  5.345191502422205e-01 -5.946908199034712e-05  2.352291884717521e-01  3.750808386620883e-01  4.013889076262586e-04  4.022132726771464e-04 
 1.392000000000000e+00  1.205280351303672e+00  2.973598127894465e-03  5.362017668861564e-01 -5.947196486963269e-05  2.369118394996937e-01  3.733547837122130e-01  4.014086075563732e-04  4.022128994185828e-04 
 1.394000000000000e+00  1.205251519620794e+00  2.973742286142006e-03  5.378845562385586e-01 -5.947484803792047e-05  2.385946632395450e-01  3.716285509327030e-01  4.014283094850984e-04  4.022125251169212e-04 
 1.396000000000000e+00  1.205222685053063e+00  2.973886458813802e-03  5.395675179990569e-01 -5.947773149469358e-05  2.402776593909296e-01  3.699021406313701e-01  4.014480134089106e-04  4.022121497719189e-04 
 1.398000000000000e+00  1.205193847605628e+00  2.974030645884096e-03  5.412506518681443e-01 -5.948061523943708e-05  2.419608276543344e-01  3.681755531151343e-01  4.014677193242960e-04  4.022117733833368e-04 
 1.400000000000000e+00  1.205165007283629e+00  2.974174847327196e-03  5.429339575471769e-01 -5.948349927163703e-05  2.436441677311093e-01  3.664487886900377e-01  4.014874272277510e-04  4.022113959509334e-04 
 1.402000000000000e+00  1.205136164092187e+00  2.974319063117487e-03  5.446174347383675e-01 -5.948638359078120e-05  2.453276793234612e-01  3.647218476612404e-01  4.015071371157821e-04  4.022110174744686e-04 
 1.404000000000000e+00  1.205107318036411e+00  2.974463293229431e-03  5.463010831447830e-01 -5.948926819635882e-05  2.470113621344506e-01  3.629947303330262e-01  4.015268489849057e-04  4.022106379537043e-04 
 1.406000000000000e+00  1.205078469121395e+00  2.974607537637561e-03  5.479849024703427e-01 -5.949215308786040e-05  2.486952158679909e-01  3.612674370088089e-01  4.015465628316484e-04  4.022102573883995e-04 
 1.408000000000000e+00  1.205049617352219e+00  2.974751796316477e-03  5.496688924198120e-01 -5.949503826477802e-05  2.503792402288414e-01  3.595399679911316e-01  4.015662786525466e-04  4.022098757783162e-04 
 1.410000000000000e+00  1.205020762733945e+00  2.974896069240864e-03  5.513530526988004e-01 -5.949792372660542e-05  2.520634349226057e-01  3.578123235816696e-01  4.015859964441464e-04  4.022094931232175e-04 
 1.412000000000000e+00  1.204991905271625e+00  2.975040356385463e-03  5.530373830137590e-01 -5.950080947283742e-05  2.537477996557287e-01  3.560845040812406e-01  4.016057162030039e-04  4.022091094228645e-04 
 1.414000000000000e+00  1.204963044970295e+00  2.975184657725101e-03  5.547218830719758e-01 -5.950369550297040e-05  2.554323341354923e-01  3.543565097898015e-01  4.016254379256855e-04  4.022087246770207e-04 
 1.416000000000000e+00  1.204934181834974e+00  2.975328973234675e-03  5.564065525815725e-01 -5.950658181650255e-05  2.571170380700125e-01  3.526283410064510e-01  4.016451616087665e-04  4.022083388854496e-04 
 1.418000000000000e+00  1.204905315870669e+00  2.975473302889146e-03  5.580913912515020e-01 -5.950946841293298e-05  2.588019111682360e-01  3.508999980294404e-01  4.016648872488327e-04  4.022079520479148e-04 
 1.420000000000000e+00  1.204876447082376e+00  2.975617646663546e-03  5.597763987915447e-01 -5.951235529176229e-05  2.604869531399374e-01  3.491714811561728e-01  4.016846148424791e-04  4.022075641641800e-04 
 1.422000000000000e+00  1.204847575475070e+00  2.975762004532991e-03  5.614615749123040e-01 -5.951524245249295e-05  2.621721636957140e-01  3.474427906832007e-01  4.017043443863106e-04  4.022071752340115e-04 
 1.424000000000000e+00  1.204818701053718e+00  2.975906376472653e-03  5.631469193252059e-01 -5.951812989462813e-05  2.638575425469860e-01  3.457139269062431e-01  4.017240758769418e-04  4.022067852571728e-04 
 1.426000000000000e+00  1.204789823823269e+00  2.976050762457782e-03  5.648324317424921e-01 -5.952101761767306e-05  2.655430894059893e-01  3.439848901201732e-01  4.017438093109966e-04  4.022063942334310e-04 
 1.428000000000000e+00  1.204760943788660e+00  2.976195162463692e-03  5.665181118772202e-01 -5.952390562113390e-05  2.672288039857753e-01  3.422556806190344e-01  4.017635446851086e-04  4.022060021625514e-04 
 1.430000000000000e+00  1.204732060954813e+00  2.976339576465774e-03  5.682039594432581e-01 -5.952679390451865e-05  2.689146860002062e-01  3.405262986960339e-01  4.017832819959211e-04  4.022056090443008e-04 
 1.432000000000000e+00  1.204703175326638e+00  2.976484004439481e-03  5.698899741552816e-01 -5.952968246733609e-05  2.706007351639520e-01  3.387967446435564e-01  4.018030212400868e-04  4.022052148784462e-04 
 1.434000000000000e+00  1.204674286909030e+00  2.976628446360341e-03  5.715761557287715e-01 -5.953257130909693e-05  2.722869511924876e-01  3.370670187531565e-01  4.018227624142674e-04  4.022048196647551e-04 
 1.436000000000000e+00  1.204645395706868e+00  2.976772902203950e-03  5.732625038800095e-01 -5.953546042931313e-05  2.739733338020889e-01  3.353371213155674e-01  4.018425055151346e-04  4.022044234029960e-04 
 1.438000000000000e+00  1.204616501725019e+00  2.976917371945973e-03  5.749490183260765e-01 -5.953834982749804e-05  2.756598827098308e-01  3.336070526207039e-01  4.018622505393693e-04  4.022040260929370e-04 
 1.440000000000000e+00  1.204587604968338e+00  2.977061855562142e-03  5.766356987848483e-01 -5.954123950316610e-05  2.773465976335837e-01  3.318768129576685e-01  4.018819974836611e-04  4.022036277343463e-04 
 1.442000000000000e+00  1.204558705441668e+00  2.977206353028251e-03  5.783225449749922e-01 -5.954412945583314e-05  2.790334782920088e-01  3.301464026147506e-01  4.019017463447101e-04  4.022032283269946e-04 
 1.444000000000000e+00  1.204529803149831e+00  2.977350864320169e-03  5.800095566159661e-01 -5.954701968501683e-05  2.807205244045584e-01  3.284158218794262e-01  4.019214971192245e-04  4.022028278706499e-04 
 1.446000000000000e+00  1.204500898097640e+00  2.977495389413836e-03  5.816967334280112e-01 -5.954991019023592e-05  2.824077356914678e-01  3.266850710383676e-01  4.019412498039223e-04  4.022024263650847e-04 
 1.448000000000000e+00  1.204471990289898e+00  2.977639928285254e-03  5.833840751321544e-01 -5.955280097101014e-05  2.840951118737584e-01  3.249541503774491e-01  4.019610043955306e-04  4.022020238100672e-04 
 1.450000000000000e+00  1.204443079731389e+00  2.977784480910489e-03  5.850715814501998e-01 -5.955569202686106e-05  2.857826526732284e-01  3.232230601817393e-01  4.019807608907856e-04  4.022016202053710e-04 
 1.452000000000000e+00  1.204414166426884e+00  2.977929047265679e-03  5.867592521047300e-01 -5.955858335731154e-05  2.874703578124549e-01  3.214918007355115e-01  4.020005192864327e-04  4.022012155507659e-04 
 1.454000000000000e+00  1.204385250381145e+00  2.978073627327027e-03  5.884470868191005e-01 -5.956147496188537e-05  2.891582270147875e-01  3.197603723222497e-01  4.020202795792260e-04  4.022008098460244e-04 
 1.456000000000000e+00  1.204356331598917e+00  2.978218221070800e-03  5.901350853174373e-01 -5.956436684010826e-05  2.908462600043467e-01  3.180287752246415e-01  4.020400417659294e-04  4.022004030909193e-04 
 1.458000000000000e+00  1.204327410084934e+00  2.978362828473336e-03  5.918232473246344e-01 -5.956725899150653e-05  2.925344565060208e-01  3.162970097245945e-01  4.020598058433151e-04  4.021999952852233e-04 
 1.460000000000000e+00  1.204298485843914e+00  2.978507449511036e-03  5.935115725663500e-01 -5.957015141560853e-05  2.942228162454623e-01  3.145650761032253e-01  4.020795718081643e-04  4.021995864287098e-04 
 1.462000000000000e+00  1.204269558880567e+00  2.978652084160362e-03  5.952000607690050e-01 -5.957304411194318e-05  2.959113389490866e-01  3.128329746408767e-01  4.020993396572674e-04  4.021991765211520e-04 
 1.464000000000000e+00  1.204240629199584e+00  2.978796732397852e-03  5.968887116597777e-01 -5.957593708004156e-05  2.976000243440664e-01  3.111007056171049e-01  4.021191093874238e-04  4.021987655623244e-04 
 1.466000000000000e+00  1.204211696805646e+00  2.978941394200092e-03  5.985775249666025e-01 -5.957883031943531e-05  2.992888721583304e-01  3.093682693106986e-01  4.021388809954415e-04  4.021983535520026e-04 
 1.468000000000000e+00  1.204182761703422e+00  2.979086069543755e-03  6.002665004181679e-01 -5.958172382965767e-05  3.009778821205616e-01  3.076356659996720e-01  4.021586544781375e-04  4.021979404899598e-04 
 1.470000000000000e+00  1.204153823897566e+00  2.979230758405556e-03  6.019556377439100e-01 -5.958461761024327e-05  3.026670539601906e-01  3.059028959612684e-01  4.021784298323374e-04  4.021975263759732e-04 
 1.472000000000000e+00  1.204124883392720e+00  2.979375460762291e-03  6.036449366740140e-01 -5.958751166072790e-05  3.043563874073969e-01  3.041699594719669e-01  4.021982070548756e-04  4.021971112098181e-04 
 1.474000000000000e+00  1.204095940193514e+00  2.979520176590813e-03  6.053343969394087e-01 -5.959040598064849e-05  3.060458821931040e-01  3.024368568074852e-01  4.022179861425954e-04  4.021966949912699e-04 
 1.476000000000000e+00  1.204066994304565e+00  2.979664905868038e-03  6.070240182717628e-01 -5.959330056954341e-05  3.077355380489750e-01  3.007035882427784e-01  4.022377670923488e-04  4.021962777201076e-04 
 1.478000000000000e+00  1.204038045730474e+00  2.979809648570951e-03  6.087138004034855e-01 -5.959619542695250e-05  3.094253547074136e-01  2.989701540520436e-01  4.022575499009961e-04  4.021958593961064e-04 
 1.480000000000000e+00  1.204009094475835e+00  2.979954404676589e-03  6.104037430677202e-01 -5.959909055241643e-05  3.111153319015575e-01  2.972365545087268e-01  4.022773345654067e-04  4.021954400190451e-04 
 1.482000000000000e+00  1.203980140545227e+00  2.980099174162059e-03  6.120938459983436e-01 -5.960198594547725e-05  3.128054693652784e-01  2.955027898855225e-01  4.022971210824581e-04  4.021950195887008e-04 
 1.484000000000000e+00  1.203951183943214e+00  2.980243957004539e-03  6.137841089299619e-01 -5.960488160567856e-05  3.144957668331767e-01  2.937688604543731e-01  4.023169094490369e-04  4.021945981048526e-04 
 1.486000000000000e+00  1.203922224674349e+00  2.980388753181255e-03  6.154745315979087e-01 -5.960777753256505e-05  3.161862240405806e-01  2.920347664864772e-01  4.023366996620378e-04  4.021941755672798e-04 
 1.488000000000000e+00  1.203893262743175e+00  2.980533562669504e-03  6.171651137382419e-01 -5.961067372568240e-05  3.178768407235428e-01  2.903005082522936e-01  4.023564917183644e-04  4.021937519757608e-04 
 1.490000000000000e+00  1.203864298154222e+00  2.980678385446639e-03  6.188558550877408e-01 -5.961357018457771e-05  3.195676166188369e-01  2.885660860215389e-01  4.023762856149280e-04  4.021933273300761e-04 
 1.492000000000000e+00  1.203835330912002e+00  2.980823221490080e-03  6.205467553839034e-01 -5.961646690879976e-05  3.212585514639558e-01  2.868315000631887e-01  4.023960813486494e-04  4.021929016300056e-04 
 1.494000000000000e+00  1.203806361021024e+00  2.980968070777309e-03  6.222378143649445e-01 -5.961936389789755e-05  3.229496449971088e-01  2.850967506454940e-01  4.024158789164567e-04  4.021924748753294e-04 
 1.496000000000000e+00  1.203777388485776e+00  2.981112933285864e-03  6.239290317697918e-01 -5.962226115142232e-05  3.246408969572180e-01  2.833618380359645e-01  4.024356783152874e-04  4.021920470658284e-04 
 1.498000000000000e+00  1.203748413310739e+00  2.981257808993350e-03  6.256204073380823e-01 -5.962515866892603e-05  3.263323070839156e-01  2.816267625013863e-01  4.024554795420865e-04  4.021916182012853e-04 
 1.500000000000000e+00  1.203719435500381e+00  2.981402697877430e-03  6.273119408101631e-01 -5.962805644996183e-05  3.280238751175428e-01  2.798915243078199e-01  4.024752825938078e-04  4.021911882814809e-04 
 1.502000000000000e+00  1.203690455059156e+00  2.981547599915823e-03  6.290036319270851e-01 -5.963095449408431e-05  3.297156007991457e-01  2.781561237206005e-01  4.024950874674128e-04  4.021907573061971e-04 
 1.504000000000000e+00  1.203661471991508e+00  2.981692515086318e-03  6.306954804306019e-01 -5.963385280084913e-05  3.314074838704721e-01  2.764205610043440e-01  4.025148941598724e-04  4.021903252752172e-04 
 1.506000000000000e+00  1.203632486301866e+00  2.981837443366759e-03  6.323874860631669e-01 -5.963675136981333e-05  3.330995240739705e-01  2.746848364229473e-01  4.025347026681644e-04  4.021898921883245e-04 
 1.508000000000000e+00  1.203603497994653e+00  2.981982384735046e-03  6.340796485679315e-01 -5.963965020053457e-05  3.347917211527870e-01  2.729489502395979e-01  4.025545129892754e-04  4.021894580453013e-04 
 1.510000000000000e+00  1.203574507074276e+00  2.982127339169149e-03  6.357719676887402e-01 -5.964254929257233e-05  3.364840748507605e-01  2.712129027167650e-01  4.025743251202002e-04  4.021890228459327e-04 
 1.512000000000000e+00  1.203545513545127e+00  2.982272306647083e-03  6.374644431701313e-01 -5.964544864548722e-05  3.381765849124244e-01  2.694766941162091e-01  4.025941390579415e-04  4.021885865900015e-04 
 1.514000000000000e+00  1.203516517411592e+00  2.982417287146940e-03  6.391570747573303e-01 -5.964834825884076e-05  3.398692510829989e-01  2.677403246989863e-01  4.026139547995099e-04  4.021881492772936e-04 
 1.516000000000000e+00  1.203487518678041e+00  2.982562280646854e-03  6.408498621962506e-01 -5.965124813219584e-05  3.415620731083920e-01  2.660037947254468e-01  4.026337723419250e-04  4.021877109075938e-04 
 1.518000000000000e+00  1.203458517348835e+00  2.982707287125028e-03  6.425428052334903e-01 -5.965414826511641e-05  3.432550507351968e-01  2.642671044552406e-01  4.026535916822132e-04  4.021872714806868e-04 
 1.520000000000000e+00  1.203429513428324e+00  2.982852306559719e-03  6.442359036163272e-01 -5.965704865716754e-05  3.449481837106859e-01  2.625302541473190e-01  4.026734128174095e-04  4.021868309963596e-04 
 1.522000000000000e+00  1.203400506920839e+00  2.982997338929249e-03  6.459291570927198e-01 -5.965994930791600e-05  3.466414717828126e-01  2.607932440599323e-01  4.026932357445568e-04  4.021863894543977e-04 
 1.524000000000000e+00  1.203371497830712e+00  2.983142384211991e-03  6.476225654113023e-01 -5.966285021692872e-05  3.483349147002058e-01  2.590560744506470e-01  4.027130604607060e-04  4.021859468545877e-04 
 1.526000000000000e+00  1.203342486162251e+00  2.983287442386378e-03  6.493161283213826e-01 -5.966575138377481e-05  3.500285122121686e-01  2.573187455763282e-01  4.027328869629160e-04  4.021855031967171e-04 
 1.528000000000000e+00  1.203313471919760e+00  2.983432513430899e-03  6.510098455729403e-01 -5.966865280802393e-05  3.517222640686750e-01  2.555812576931589e-01  4.027527152482531e-04  4.021850584805730e-04 
 1.530000000000000e+00  1.203284455107531e+00  2.983577597324104e-03  6.527037169166242e-01 -5.967155448924685e-05  3.534161700203691e-01  2.538436110566367e-01  4.027725453137919e-04  4.021846127059424e-04 
 1.532000000000000e+00  1.203255435729838e+00  2.983722694044603e-03  6.543977421037480e-01 -5.967445642701609e-05  3.551102298185592e-01  2.521058059215696e-01  4.027923771566149e-04  4.021841658726152e-04 
 1.534000000000000e+00  1.203226413790953e+00  2.983867803571049e-03  6.560919208862905e-01 -5.967735862090464e-05  3.568044432152193e-01  2.503678425420922e-01  4.028122107738114e-04  4.021837179803790e-04 
 1.536000000000000e+00  1.203197389295132e+00  2.984012925882175e-03  6.577862530168921e-01 -5.968026107048673e-05  3.584988099629844e-01  2.486297211716593e-01  4.028320461624801e-04  4.021832690290224e-04 
 1.538000000000000e+00  1.203168362246614e+00  2.984158060956744e-03  6.594807382488507e-01 -5.968316377533847e-05  3.601933298151475e-01  2.468914420630429e-01  4.028518833197259e-04  4.021828190183358e-04 
 1.540000000000000e+00  1.203139332649641e+00  2.984303208773597e-03  6.611753763361217e-01 -5.968606673503584e-05  3.618880025256590e-01  2.451530054683544e-01  4.028717222426623e-04  4.021823679481085e-04 
 1.542000000000000e+00  1.203110300508428e+00  2.984448369311620e-03  6.628701670333145e-01 -5.968896994915709e-05  3.635828278491232e-01  2.434144116390237e-01  4.028915629284102e-04  4.021819158181300e-04 
 1.544000000000000e+00  1.203081265827190e+00  2.984593542549758e-03  6.645651100956891e-01 -5.969187341728093e-05  3.652778055407950e-01  2.416756608258182e-01  4.029114053740982e-04  4.021814626281921e-04 
 1.546000000000000e+00  1.203052228610126e+00  2.984738728467014e-03  6.662602052791562e-01 -5.969477713898729e-05  3.669729353565803e-01  2.399367532788392e-01  4.029312495768621e-04  4.021810083780842e-04 
 1.548000000000000e+00  1.203023188861424e+00  2.984883927042438e-03  6.679554523402714e-01 -5.969768111385752e-05  3.686682170530295e-01  2.381976892475223e-01  4.029510955338461e-04  4.021805530675990e-04 
 1.550000000000000e+00  1.202994146585264e+00  2.985029138255148e-03  6.696508510362367e-01 -5.970058534147353e-05  3.703636503873397e-01  2.364584689806467e-01  4.029709432422011e-04  4.021800966965267e-04 
 1.552000000000000e+00  1.202965101785806e+00  2.985174362084313e-03  6.713464011248932e-01 -5.970348982141931e-05  3.720592351173470e-01  2.347190927263246e-01  4.029907926990862e-04  4.021796392646612e-04 
 1.554000000000000e+00  1.202936054467214e+00  2.985319598509150e-03  6.730421023647245e-01 -5.970639455327848e-05  3.737549710015301e-01  2.329795607320266e-01  4.030106439016677e-04  4.021791807717937e-04 
 1.556000000000000e+00  1.202907004633629e+00  2.985464847508933e-03  6.747379545148501e-01 -5.970929953663704e-05  3.754508577990036e-01  2.312398732445575e-01  4.030304968471189e-04  4.021787212177167e-04 
 1.558000000000000e+00  1.202877952289184e+00  2.985610109063000e-03  6.764339573350235e-01 -5.971220477108148e-05  3.771468952695158e-01  2.295000305100767e-01  4.030503515326219e-04  4.021782606022244e-04 
 1.560000000000000e+00  1.202848897438003e+00  2.985755383150730e-03  6.781301105856324e-01 -5.971511025619960e-05  3.788430831734498e-01  2.277600327740930e-01  4.030702079553646e-04  4.021777989251096e-04 
 1.562000000000000e+00  1.202819840084199e+00  2.985900669751567e-03  6.798264140276937e-01 -5.971801599158004e-05  3.805394212718174e-01  2.260198802814712e-01  4.030900661125434e-04  4.021773361861665e-04 
 1.564000000000001e+00  1.202790780231872e+00  2.986045968845003e-03  6.815228674228524e-01 -5.972092197681273e-05  3.822359093262588e-01  2.242795732764309e-01  4.031099260013617e-04  4.021768723851889e-04 
 1.566000000000001e+00  1.202761717885111e+00  2.986191280410587e-03  6.832194705333785e-01 -5.972382821148878e-05  3.839325470990391e-01  2.225391120025487e-01  4.031297876190301e-04  4.021764075219719e-04 
 1.568000000000001e+00  1.202732653047998e+00  2.986336604427919e-03  6.849162231221657e-01 -5.972673469520015e-05  3.856293343530472e-01  2.207984967027641e-01  4.031496509627667e-04  4.021759415963112e-04 
 1.570000000000001e+00  1.202703585724602e+00  2.986481940876652e-03  6.866131249527290e-01 -5.972964142753969e-05  3.873262708517931e-01  2.190577276193825e-01  4.031695160297968e-04  4.021754746080010e-04 
 1.572000000000001e+00  1.202674515918981e+00  2.986627289736497e-03  6.883101757892015e-01 -5.973254840810180e-05  3.890233563594051e-01  2.173168049940690e-01  4.031893828173533e-04  4.021750065568378e-04 
 1.574000000000001e+00  1.202645443635183e+00  2.986772650987208e-03  6.900073753963329e-01 -5.973545563648161e-05  3.907205906406281e-01  2.155757290678608e-01  4.032092513226757e-04  4.021745374426176e-04 
 1.576000000000001e+00  1.202616368877245e+00  2.986918024608610e-03  6.917047235394873e-01 -5.973836311227543e-05  3.924179734608214e-01  2.138345000811637e-01  4.032291215430111e-04  4.021740672651370e-04 
 1.578000000000001e+00  1.202587291649194e+00  2.987063410580556e-03  6.934022199846402e-01 -5.974127083508051e-05  3.941155045859557e-01  2.120931182737571e-01  4.032489934756136e-04  4.021735960241925e-04 
 1.580000000000001e+00  1.202558211955049e+00  2.987208808882971e-03  6.950998644983779e-01 -5.974417880449503e-05  3.958131837826124e-01  2.103515838847968e-01  4.032688671177448e-04  4.021731237195809e-04 
 1.582000000000001e+00  1.202529129798809e+00  2.987354219495826e-03  6.967976568478923e-01 -5.974708702011897e-05  3.975110108179788e-01  2.086098971528076e-01  4.032887424666729e-04  4.021726503511011e-04 
 1.584000000000001e+00  1.202500045184477e+00  2.987499642399141e-03  6.984955968009819e-01 -5.974999548155223e-05  3.992089854598487e-01  2.068680583157055e-01  4.033086195196735e-04  4.021721759185505e-04 
 1.586000000000001e+00  1.202470958116035e+00  2.987645077572987e-03  7.001936841260489e-01 -5.975290418839644e-05  4.009071074766191e-01  2.051260676107806e-01  4.033284982740296e-04  4.021717004217264e-04 
 1.588000000000001e+00  1.202441868597456e+00  2.987790524997503e-03  7.018919185920942e-01 -5.975581314025428e-05  4.026053766372866e-01  2.033839252747072e-01  4.033483787270303e-04  4.021712238604288e-04 
 1.590000000000001e+00  1.202412776632707e+00  2.987935984652852e-03  7.035902999687188e-01 -5.975872233672920e-05  4.043037927114473e-01  2.016416315435481e-01  4.033682608759729e-04  4.021707462344567e-04 
 1.592000000000001e+00  1.202383682225742e+00  2.988081456519270e-03  7.052888280261205e-01 -5.976163177742570e-05  4.060023554692943e-01  1.998991866527543e-01  4.033881447181606e-04  4.021702675436087e-04 
 1.594000000000001e+00  1.202354585380506e+00  2.988226940577031e-03  7.069875025350908e-01 -5.976454146194927e-05  4.077010646816144e-01  1.981565908371676e-01  4.034080302509046e-04  4.021697877876846e-04 
 1.596000000000001e+00  1.202325486100928e+00  2.988372436806479e-03  7.086863232670126e-01 -5.976745138990713e-05  4.093999201197859e-01  1.964138443310155e-01  4.034279174715219e-04  4.021693069664857e-04 
 1.598000000000001e+00  1.202296384390938e+00  2.988517945187982e-03  7.103852899938616e-01 -5.977036156090615e-05  4.110989215557796e-01  1.946709473679342e-01  4.034478063773375e-04  4.021688250798099e-04 
 1.600000000000001e+00  1.202267280254446e+00  2.988663465701976e-03  7.120844024881976e-01 -5.977327197455536e-05  4.127980687621507e-01  1.929279001809455e-01  4.034676969656828e-04  4.021683421274610e-04 
 1.602000000000001e+00  1.202238173695356e+00  2.988808998328946e-03  7.137836605231695e-01 -5.977618263046433e-05  4.144973615120437e-01  1.911847030024749e-01  4.034875892338957e-04  4.021678581092379e-04 
 1.604000000000001e+00  1.202209064717563e+00  2.988954543049419e-03  7.154830638725080e-01 -5.977909352824365e-05  4.161967995791843e-01  1.894413560643500e-01  4.035074831793221e-04  4.021673730249433e-04 
 1.606000000000001e+00  1.202179953324948e+00  2.989100099843984e-03  7.171826123105259e-01 -5.978200466750516e-05  4.178963827378809e-01  1.876978595977985e-01  4.035273787993132e-04  4.021668868743788e-04 
 1.608000000000001e+00  1.202150839521386e+00  2.989245668693269e-03  7.188823056121156e-01 -5.978491604786135e-05  4.195961107630212e-01  1.859542138334583e-01  4.035472760912280e-04  4.021663996573463e-04 
 1.610000000000001e+00  1.202121723310740e+00  2.989391249577960e-03  7.205821435527471e-01 -5.978782766892591e-05  4.212959834300705e-01  1.842104190013729e-01  4.035671750524323e-04  4.021659113736483e-04 
 1.612000000000001e+00  1.202092604696865e+00  2.989536842478785e-03  7.222821259084649e-01 -5.979073953031343e-05  4.229960005150688e-01  1.824664753309966e-01  4.035870756802981e-04  4.021654220230881e-04 
 1.614000000000001e+00  1.202063483683602e+00  2.989682447376523e-03  7.239822524558873e-01 -5.979365163163969e-05  4.246961617946299e-01  1.807223830511937e-01  4.036069779722047e-04  4.021649316054691e-04 
 1.616000000000001e+00  1.202034360274789e+00  2.989828064252008e-03  7.256825229722045e-01 -5.979656397252098e-05  4.263964670459393e-01  1.789781423902479e-01  4.036268819255375e-04  4.021644401205941e-04 
 1.618000000000001e+00  1.202005234474252e+00  2.989973693086112e-03  7.273829372351751e-01 -5.979947655257472e-05  4.280969160467511e-01  1.772337535758576e-01  4.036467875376889e-04  4.021639475682667e-04 
 1.620000000000001e+00  1.201976106285797e+00  2.990119333859771e-03  7.290834950231239e-01 -5.980238937142022e-05  4.297975085753855e-01  1.754892168351301e-01  4.036666948060581e-04  4.021634539482931e-04 
 1.622000000000001e+00  1.201946975713235e+00  2.990264986553959e-03  7.307841961149427e-01 -5.980530242867637e-05  4.314982444107298e-01  1.737445323946079e-01  4.036866037280506e-04  4.021629592604764e-04 
 1.624000000000001e+00  1.201917842760360e+00  2.990410651149699e-03  7.324850402900853e-01 -5.980821572396390e-05  4.331991233322333e-01  1.719997004802468e-01  4.037065143010788e-04  4.021624635046216e-04 
 1.626000000000001e+00  1.201888707430957e+00  2.990556327628058e-03  7.341860273285670e-01 -5.981112925690421e-05  4.349001451199066e-01  1.702547213174307e-01  4.037264265225616e-04  4.021619666805343e-04 
 1.628000000000001e+00  1.201859569728803e+00  2.990702015970163e-03  7.358871570109622e-01 -5.981404302711959e-05  4.366013095543199e-01  1.685095951309707e-01  4.037463403899241e-04  4.021614687880193e-04 
 1.630000000000001e+00  1.201830429657662e+00  2.990847716157187e-03  7.375884291184011e-01 -5.981695703423368e-05  4.383026164165986e-01  1.667643221451024e-01  4.037662559005985e-04  4.021609698268845e-04 
 1.632000000000001e+00  1.201801287221292e+00  2.990993428170340e-03  7.392898434325709e-01 -5.981987127787071e-05  4.400040654884256e-01  1.650189025834964e-01  4.037861730520232e-04  4.021604697969346e-04 
 1.634000000000001e+00  1.201772142423443e+00  2.991139151990882e-03  7.409913997357117e-01 -5.982278575765565e-05  4.417056565520366e-01  1.632733366692580e-01  4.038060918416429e-04  4.021599686979757e-04 
 1.636000000000001e+00  1.201742995267847e+00  2.991284887600132e-03  7.426930978106129e-01 -5.982570047321518e-05  4.434073893902163e-01  1.615276246249195e-01  4.038260122669095e-04  4.021594665298167e-04 
 1.638000000000001e+00  1.201713845758238e+00  2.991430634979447e-03  7.443949374406154e-01 -5.982861542417608e-05  4.451092637863014e-01  1.597817666724587e-01  4.038459343252804e-04  4.021589632922637e-04 
 1.640000000000001e+00  1.201684693898332e+00  2.991576394110228e-03  7.460969184096068e-01 -5.983153061016673e-05  4.468112795241749e-01  1.580357630332856e-01  4.038658580142200e-04  4.021584589851234e-04 
 1.642000000000001e+00  1.201655539691838e+00  2.991722164973932e-03  7.477990405020185e-01 -5.983444603081613e-05  4.485134363882639e-01  1.562896139282540e-01  4.038857833311988e-04  4.021579536082057e-04 
 1.644000000000001e+00  1.201626383142457e+00  2.991867947552056e-03  7.495013035028275e-01 -5.983736168575420e-05  4.502157341635408e-01  1.545433195776610e-01  4.039057102736941e-04  4.021574471613178e-04 
 1.646000000000001e+00  1.201597224253881e+00  2.992013741826147e-03  7.512037071975510e-01 -5.984027757461177e-05  4.519181726355186e-01  1.527968802012483e-01  4.039256388391891e-04  4.021569396442682e-04 
 1.648000000000001e+00  1.201568063029791e+00  2.992159547777793e-03  7.529062513722462e-01 -5.984319369702080e-05  4.536207515902499e-01  1.510502960182021e-01  4.039455690251734e-04  4.021564310568664e-04 
 1.650000000000001e+00  1.201538899473857e+00  2.992305365388636e-03  7.546089358135076e-01 -5.984611005261418e-05  4.553234708143251e-01  1.493035672471580e-01  4.039655008291432e-04  4.021559213989215e-04 
 1.652000000000001e+00  1.201509733589745e+00  2.992451194640363e-03  7.563117603084665e-01 -5.984902664102538e-05  4.570263300948708e-01  1.475566941062046e-01  4.039854342486008e-04  4.021554106702427e-04 
 1.654000000000001e+00  1.201480565381110e+00  2.992597035514696e-03  7.580147246447873e-01 -5.985194346188896e-05  4.587293292195472e-01  1.458096768128823e-01  4.040053692810545e-04  4.021548988706398e-04 
 1.656000000000001e+00  1.201451394851592e+00  2.992742887993418e-03  7.597178286106659e-01 -5.985486051484073e-05  4.604324679765461e-01  1.440625155841815e-01  4.040253059240193e-04  4.021543859999242e-04 
 1.658000000000001e+00  1.201422222004831e+00  2.992888752058349e-03  7.614210719948300e-01 -5.985777779951684e-05  4.621357461545904e-01  1.423152106365556e-01  4.040452441750162e-04  4.021538720579052e-04 
 1.660000000000001e+00  1.201393046844452e+00  2.993034627691353e-03  7.631244545865342e-01 -5.986069531555467e-05  4.638391635429306e-01  1.405677621859125e-01  4.040651840315725e-04  4.021533570443947e-04 
 1.662000000000001e+00  1.201363869374074e+00  2.993180514874345e-03  7.648279761755609e-01 -5.986361306259246e-05  4.655427199313448e-01  1.388201704476211e-01  4.040851254912215e-04  4.021528409592023e-04 
 1.664000000000001e+00  1.201334689597303e+00  2.993326413589282e-03  7.665316365522150e-01 -5.986653104026965e-05  4.672464151101337e-01  1.370724356365091e-01  4.041050685515025e-04  4.021523238021415e-04 
 1.666000000000001e+00  1.201305507517741e+00  2.993472323818164e-03  7.682354355073269e-01 -5.986944924822577e-05  4.689502488701232e-01  1.353245579668760e-01  4.041250132099615e-04  4.021518055730228e-04 
 1.668000000000001e+00  1.201276323138975e+00  2.993618245543043e-03  7.699393728322451e-01 -5.987236768610244e-05  4.706542210026576e-01  1.335765376524756e-01  4.041449594641502e-04  4.021512862716598e-04 
 1.670000000000001e+00  1.201247136464592e+00  2.993764178746004e-03  7.716434483188409e-01 -5.987528635354071e-05  4.723583312996039e-01  1.318283749065440e-01  4.041649073116262e-04  4.021507658978624e-04 
 1.672000000000001e+00  1.201217947498160e+00  2.993910123409185e-03  7.733476617594989e-01 -5.987820525018393e-05  4.740625795533425e-01  1.300800699417723e-01  4.041848567499537e-04  4.021502444514460e-04 
 1.674000000000001e+00  1.201188756243248e+00  2.994056079514768e-03  7.750520129471222e-01 -5.988112437567514e-05  4.757669655567722e-01  1.283316229703351e-01  4.042048077767028e-04  4.021497219322224e-04 
 1.676000000000001e+00  1.201159562703407e+00  2.994202047044980e-03  7.767565016751267e-01 -5.988404372965919e-05  4.774714891033046e-01  1.265830342038712e-01  4.042247603894491e-04  4.021491983400049e-04 
 1.678000000000001e+00  1.201130366882182e+00  2.994348025982086e-03  7.784611277374394e-01 -5.988696331178173e-05  4.791761499868626e-01  1.248343038534945e-01  4.042447145857748e-04  4.021486736746084e-04 
 1.680000000000001e+00  1.201101168783114e+00  2.994494016308396e-03  7.801658909284991e-01 -5.988988312168850e-05  4.808809480018807e-01  1.230854321298045e-01  4.042646703632681e-04  4.021481479358459e-04 
 1.682000000000001e+00  1.201071968409731e+00  2.994640018006272e-03  7.818707910432517e-01 -5.989280315902681e-05  4.825858829433008e-01  1.213364192428721e-01  4.042846277195224e-04  4.021476211235323e-04 
 1.684000000000001e+00  1.201042765765553e+00  2.994786031058113e-03  7.835758278771512e-01 -5.989572342344465e-05  4.842909546065722e-01  1.195872654022502e-01  4.043045866521384e-04  4.021470932374816e-04 
 1.686000000000001e+00  1.201013560854091e+00  2.994932055446355e-03  7.852810012261547e-01 -5.989864391459078e-05  4.859961627876484e-01  1.178379708169751e-01  4.043245471587212e-04  4.021465642775097e-04 
 1.688000000000001e+00  1.200984353678847e+00  2.995078091153492e-03  7.869863108867242e-01 -5.990156463211517e-05  4.877015072829868e-01  1.160885356955641e-01  4.043445092368829e-04  4.021460342434312e-04 
 1.690000000000001e+00  1.200955144243318e+00  2.995224138162049e-03  7.886917566558219e-01 -5.990448557566816e-05  4.894069878895456e-01  1.143389602460251e-01  4.043644728842410e-04  4.021455031350618e-04 
 1.692000000000001e+00  1.200925932550984e+00  2.995370196454604e-03  7.903973383309097e-01 -5.990740674490153e-05  4.911126044047825e-01  1.125892446758473e-01  4.043844380984190e-04  4.021449709522185e-04 
 1.694000000000001e+00  1.200896718605328e+00  2.995516266013765e-03  7.921030557099494e-01 -5.991032813946708e-05  4.928183566266552e-01  1.108393891920183e-01  4.044044048770460e-04  4.021444376947154e-04 
 1.696000000000001e+00  1.200867502409816e+00  2.995662346822194e-03  7.938089085913962e-01 -5.991324975901830e-05  4.945242443536147e-01  1.090893940010079e-01  4.044243732177572e-04  4.021439033623711e-04 
 1.698000000000001e+00  1.200838283967906e+00  2.995808438862591e-03  7.955148967742021e-01 -5.991617160320928e-05  4.962302673846089e-01  1.073392593087819e-01  4.044443431181939e-04  4.021433679550012e-04 
 1.700000000000001e+00  1.200809063283054e+00  2.995954542117694e-03  7.972210200578114e-01 -5.991909367169447e-05  4.979364255190780e-01  1.055889853208049e-01  4.044643145760025e-04  4.021428314724224e-04 
