gen GT/s code GB/s_per_lane GB/s_x16
1 2.5 8b/10b 0.250000 4.000000
2 5 8b/10b 0.500000 8.000000
3 8 128b/130b 0.984615 15.753846
4 16 128b/130b 1.969231 31.507692
5 32 128b/130b 3.938462 63.015385
6 64 flit 7.562500 121.000000
7 128 flit 15.125000 242.000000
payload share gen3_3dw gen3_4dw gen6_4dw
16 0.437607 0.393846 0.460938
32 0.605917 0.562637 0.614583
64 0.750183 0.716084 0.737500
128 0.851559 0.829150 0.819444
256 0.913266 0.900220 0.867647
512 0.947600 0.940528 0.893939
1024 0.965753 0.962067 0.907692
2048 0.975093 0.973211 0.914729
4096 0.979831 0.978880 0.918288
tlp_ns gen3_x4_256B 71.093750
credits limit measured
1 0.228528 0.227500
2 0.457057 0.455000
3 0.685585 0.682500
4 0.914114 0.914740
5 1.000000 1.000052
6 1.000000 1.000052
8 1.000000 1.000052
12 1.000000 1.000052
case sends replays accepted acks naks credits last_accept
clean 57 0 54 54 0 54 3939.062500
one_error 57 4 50 50 1 50 3939.062500
error_in_replay 57 8 46 46 2 46 3939.062500
two_errors 57 8 46 46 2 46 3939.062500
x16_gen5 626 32 577 577 1 576 3998.611328
