loss_dB xt_mV rxn_mV txffe auto dsp gdc gdc2 phase_UI vga h_m1 h0 h1 pad_h0_mV snr_dB log10_ber b1 w0
10 1.5 0.8 1 1 1 -4 0 -0.06250 1.712537 -0.026313 0.394859 0.070414 174.0522 24.47413 -13.5731 -0.045169 2.467254
20 1.5 0.8 1 1 1 -9 -3 -0.06250 4.343767 0.007851 0.386358 0.115198 88.9512 23.61089 -11.3382 0.149559 2.618571
28 1.5 0.8 1 1 1 -9 -3 -0.18750 6.364793 0.019913 0.337512 0.203228 56.9860 21.53881 -7.4552 0.451405 3.110565
36 1.5 0.8 1 1 1 -10 -3 -0.31250 9.120631 0.026145 0.284533 0.239536 39.1754 18.18960 -3.9748 0.674734 3.868828
44 1.5 0.8 1 1 1 -11 -3 -0.43750 12.411563 0.036645 0.242301 0.242192 28.6680 13.88605 -1.9953 0.784911 4.871122
28 1.5 0.8 0 1 1 -19 -3 -0.06250 6.197942 0.074575 0.364826 0.146910 94.1916 21.96142 -8.1077 0.486612 2.995924
16 1.5 0.8 1 1 0 -11 -3 0.06250 3.700291 0.016530 0.397412 0.007948 114.4674 19.86426 -5.3971 0.000000 2.516280
28 1.5 0.8 1 1 0 -20 0 0.06250 9.693016 0.061092 0.385410 0.058793 56.9860 10.71493 -1.3303 0.000000 2.594641
28 1.5 0.8 1 0 1 -12 -3 -0.12500 7.690166 0.027313 0.365214 0.167709 56.9860 21.49104 -7.3853 0.387394 2.864262
28 0.0 0.2 1 1 1 -19 -3 -0.06250 9.648426 0.021458 0.383658 0.100810 56.9860 24.52693 -13.7244 0.196596 2.689363
28 4.0 2.5 1 1 1 0 -3 -0.37500 2.737193 0.019095 0.262827 0.245578 56.9860 16.65203 -3.0544 0.686382 4.119714
ffe 28 1.5 0.8 1 1 1 -17 -3 -0.06250 9.270803 0.027881 0.384238 0.112764 56.9860 20.83144 -6.4918 0.000000 2.760330
ffe 42 2.1 0.6 0 1 1 -20 -3 -0.25000 11.209353 0.085513 0.305547 0.236102 55.8920 11.01216 -1.3765 0.000000 5.635900
ffe 28 1.5 0.8 0 0 1 -12 -3 -0.12500 4.570285 0.072846 0.333003 0.201846 94.1916 19.96948 -5.5052 0.000000 4.116683
echo-off 12 1.5 0.8 1 1 0 -20 0 -0.06250 5.302289 -0.006269 0.335169 0.158768 94.9925 2.98024 -0.7029 0.000000 2.983571
echo-ffe 12 1.5 0.8 1 1 1 -20 0 -0.06250 5.302289 -0.006269 0.335169 0.158768 94.9925 16.14194 -2.8102 0.000000 2.939517
echo-dfe 12 1.5 0.8 1 1 1 -20 0 -0.06250 5.302289 -0.006269 0.335169 0.158768 94.9925 21.25895 -7.0558 0.745013 3.007126
prbs13q period 8191 counts 2047 2048 2048 2048
prbs13q first 1 2 1 0 2 3 1 3 1 1 1 2 0 1 2 2 2 1 1 2 1 3 2 2
