prbs7 period 127 ones 64
prbs31 first 000011100101101110010111110100101111100100001110
case slips errors tracked_ppm rms_mUI peak_mUI code
default 0 0 343.323 31.3050 112.0002 773
p_only_300ppm 0 0 0.000 34.8850 116.6495 775
p_only_800ppm 22 9955 0.000 324.2262 499.9963 655
cdr_off 12 7670 0.000 282.3715 499.9720 0
sj_2MHz_4UIpp 0 0 30.518 32.5075 109.3916 823
sj_500MHz_0.8UIpp 274 7693 289.917 283.7479 499.9992 406
cid72 0 0 366.211 30.9777 111.6306 776
prbs7 0 0 373.840 30.9957 111.0011 777
jtol_MHz uipp
2 6.98230
5 2.57279
10 1.20859
20 0.64975
50 0.38913
100 0.37877
200 0.38913
500 0.43348
1000 0.45751
